prediction_horizon_hours,inclination_deg,eccentricity,mean_motion_rev_day,bstar,mean_motion_derivative,NORAD_CAT_ID,reliability_label,reliability
13.68721344,11.161,0.00998653,1.00272294,0.0,1.02e-06,27168,1,Reliable
10.26935784,11.1616,0.00998137,1.0027251,0.0,1.03e-06,27168,1,Reliable
14.246592,11.162,0.00997883,1.00272686,0.0,1.03e-06,27168,1,Reliable
2.2236528,11.1626,0.0099729,1.00272898,0.0,1.04e-06,27168,1,Reliable
9.18913608,11.1627,0.00997265,1.00272932,0.0,1.04e-06,27168,1,Reliable
11.98170504,11.1631,0.00996916,1.00273083,0.0,1.04e-06,27168,1,Reliable
11.97702744,11.1637,0.00996312,1.00273246,0.0,1.04e-06,27168,1,Reliable
22.24588032,11.1642,0.00995954,1.00273426,0.0,1.05e-06,27168,1,Reliable
11.14457448,11.1653,0.00995068,1.0027372,0.0,1.06e-06,27168,1,Reliable
2.5422007200000003,11.1658,0.0099453,1.00273872,0.0,1.06e-06,27168,1,Reliable
3.75746976,11.1659,0.00994449,1.00273893,0.0,1.06e-06,27168,1,Reliable
8.222574,11.166,0.009943,1.00273935,0.0,1.06e-06,27168,1,Reliable
11.97565752,11.1664,0.00994008,1.00274042,0.0,1.07e-06,27168,1,Reliable
11.97540168,11.1669,0.0099345,1.00274186,0.0,1.07e-06,27168,1,Reliable
10.27356576,11.1675,0.0099303,1.00274321,0.0,1.07e-06,27168,1,Reliable
1.70664504,11.1679,0.0099265,1.00274452,0.0,1.08e-06,27168,1,Reliable
10.26798456,11.168,0.0099261,1.00274464,0.0,1.08e-06,27168,1,Reliable
11.60326008,11.1685,0.0099225,1.0027457,0.0,1.08e-06,27168,1,Reliable
2.08108704,11.1691,0.009919,1.00274716,0.0,1.08e-06,27168,1,Reliable
10.2714,11.1692,0.0099182,1.00274732,0.0,1.08e-06,27168,1,Reliable
13.01430864,11.1697,0.00991456,1.00274832,0.0,1.08e-06,27168,1,Reliable
10.93857576,11.1704,0.0099113,1.00274992,0.0,1.08e-06,27168,1,Reliable
15.80006136,11.171,0.00990748,1.00275096,0.0,1.07e-06,27168,1,Reliable
8.15395872,11.1718,0.00990457,1.00275285,0.0,1.06e-06,27168,1,Reliable
12.2917476,11.1722,0.00990197,1.00275369,0.0,1.06e-06,27168,1,Reliable
11.66270616,11.1729,0.0099006,1.00275535,0.0,1.05e-06,27168,1,Reliable
23.95469736,11.1735,0.00989823,1.0027566,0.0,1.03e-06,27168,1,Reliable
11.39426136,11.1748,0.0098959,1.0027598,0.0,1e-06,27168,1,Reliable
12.5592108,11.1754,0.00989589,1.00276159,0.0,9.9e-07,27168,1,Reliable
13.57459104,11.1761,0.00989562,1.00276336,0.0,9.7e-07,27168,1,Reliable
10.37840328,11.1768,0.00989667,1.00276577,0.0,9.5e-07,27168,1,Reliable
12.37166424,11.1773,0.00989688,1.00276736,0.0,9.4e-07,27168,1,Reliable
48.59328816,11.178,0.00989851,1.00276973,0.0,9.2e-07,27168,1,Reliable
58.80566208,11.1806,0.00990447,1.00277966,0.0,8.8e-07,27168,0,Not Reliable
61.68439248,11.184,0.0099678,1.00267381,0.0,8.7e-07,27168,1,Reliable
28.28880288,11.1866,0.00997642,1.00268864,0.0,9.2e-07,27168,1,Reliable
29.46113904,11.1879,0.00997868,1.00269507,0.0,9.4e-07,27168,1,Reliable
24.28865064,11.1892,0.00997551,1.00270169,0.0,9.7e-07,27168,1,Reliable
36.0431472,11.1903,0.0099699,1.00270651,0.0,9.8e-07,27168,1,Reliable
11.862845040000002,11.1919,0.0099575,1.00271321,0.0,1e-06,27168,1,Reliable
17.06443224,11.1924,0.00995431,1.0027154,0.0,1e-06,27168,1,Reliable
21.14094432,11.193,0.00995029,1.00271817,0.0,1.01e-06,27168,1,Reliable
57.60544752,11.1939,0.00994174,1.00272159,0.0,1.01e-06,27168,1,Reliable
12.2683992,11.1964,0.00991848,1.0027302,0.0,1.03e-06,27168,1,Reliable
35.63901144,11.1969,0.0099119,1.00273186,0.0,1.04e-06,27168,1,Reliable
17.78154168,11.1986,0.00989699,1.00273637,0.0,1.05e-06,27168,1,Reliable
6.17068968,11.1994,0.00988946,1.00273846,0.0,1.06e-06,27168,1,Reliable
12.51027168,11.1997,0.0098869,1.00273921,0.0,1.06e-06,27168,1,Reliable
11.54131656,11.2003,0.0098822,1.00274081,0.0,1.06e-06,27168,1,Reliable
14.771672639999998,11.2009,0.00987763,1.00274196,0.0,1.06e-06,27168,1,Reliable
7.77833184,11.2016,0.0098728,1.00274372,0.0,1.06e-06,27168,1,Reliable
1.30507368,11.202,0.0098697,1.00274452,0.0,1.06e-06,27168,1,Reliable
11.97675864,11.2021,0.00986883,1.00274465,0.0,1.06e-06,27168,1,Reliable
11.97489384,11.2027,0.0098654,1.00274621,0.0,1.05e-06,27168,1,Reliable
23.62656816,11.2033,0.00986128,1.00274737,0.0,1.04e-06,27168,1,Reliable
12.30364656,11.2046,0.00985551,1.00275014,0.0,1.02e-06,27168,1,Reliable
11.97570264,11.2053,0.0098538,1.00275184,0.0,1.01e-06,27168,1,Reliable
23.95257888,11.2059,0.00985124,1.00275316,0.0,1e-06,27168,1,Reliable
11.91554016,11.2072,0.009849,1.00275642,0.0,9.6e-07,27168,1,Reliable
12.03840648,11.2078,0.00984906,1.00275835,0.0,9.5e-07,27168,1,Reliable
13.33077192,11.2085,0.00984857,1.00276003,0.0,9.3e-07,27168,1,Reliable
9.74004456,11.2093,0.0098505,1.00276243,0.0,9.1e-07,27168,1,Reliable
0.8828796,11.2098,0.00985089,1.00276392,0.0,9e-07,27168,1,Reliable
15.44387064,11.2098,0.00985067,1.00276406,0.0,9e-07,27168,1,Reliable
8.50916808,11.2107,0.0098528,1.00276714,0.0,8.8e-07,27168,1,Reliable
11.3504808,11.2112,0.00985316,1.00276857,0.0,8.7e-07,27168,1,Reliable
12.60059472,11.2118,0.0098546,1.00277092,0.0,8.6e-07,27168,1,Reliable
11.97517704,11.2125,0.00985579,1.00277354,0.0,8.5e-07,27168,1,Reliable
24.86513664,11.2131,0.0098573,1.00277618,0.0,8.5e-07,27168,0,Not Reliable
11.06503032,11.2142,0.0099289,1.00266982,0.0,8.4e-07,27168,1,Reliable
13.28431176,11.2149,0.00992755,1.0026726,0.0,8.4e-07,27168,1,Reliable
10.6667592,11.2155,0.00993063,1.00267574,0.0,8.5e-07,27168,1,Reliable
11.97581928,11.2161,0.00993027,1.00267853,0.0,8.5e-07,27168,1,Reliable
11.9758344,11.2167,0.00993058,1.00268129,0.0,8.6e-07,27168,1,Reliable
13.1982312,11.2173,0.00992255,1.00268449,0.0,8.7e-07,27168,1,Reliable
10.75407264,11.218,0.0099217,1.00268746,0.0,8.8e-07,27168,1,Reliable
13.71256896,11.2185,0.00992049,1.00269032,0.0,8.9e-07,27168,1,Reliable
10.23983256,11.2191,0.00991635,1.0026933,0.0,9e-07,27168,1,Reliable
23.95108584,11.22,0.00993391,1.00269593,0.0,9.1e-07,27168,1,Reliable
11.97614568,11.2211,0.00993172,1.00270128,0.0,9.3e-07,27168,1,Reliable
58.34970528,11.2216,0.00992943,1.00270369,0.0,9.4e-07,27168,1,Reliable
13.50482568,11.2244,0.00991977,1.0027152,0.0,9.6e-07,27168,1,Reliable
23.39897808,11.2249,0.00991509,1.00271756,0.0,9.7e-07,27168,1,Reliable
8.03569992,11.226,0.00990932,1.00272153,0.0,9.8e-07,27168,1,Reliable
16.4685084,11.2265,0.0098978,1.0027228,0.0,9.8e-07,27168,1,Reliable
11.97696384,11.2273,0.00989027,1.00272543,0.0,9.9e-07,27168,1,Reliable
13.46954808,11.2278,0.0098868,1.00272733,0.0,9.9e-07,27168,1,Reliable
10.48318608,11.2284,0.00988018,1.00272924,0.0,1e-06,27168,1,Reliable
11.9741136,11.2289,0.00987758,1.00273081,0.0,1e-06,27168,1,Reliable
10.60478568,11.2294,0.00987128,1.00273247,0.0,1.01e-06,27168,1,Reliable
13.347952800000002,11.2299,0.00986777,1.00273389,0.0,1.01e-06,27168,1,Reliable
22.24555224,11.2305,0.0098611,1.00273574,0.0,1.02e-06,27168,1,Reliable
1.70472696,11.2316,0.00985208,1.00273869,0.0,1.03e-06,27168,1,Reliable
11.97828264,11.2316,0.00985079,1.00273887,0.0,1.03e-06,27168,1,Reliable
11.97433224,11.2322,0.00984686,1.00274024,0.0,1.03e-06,27168,1,Reliable
11.16586248,11.2328,0.00984182,1.00274184,0.0,1.03e-06,27168,1,Reliable
11.077790879999998,11.2334,0.00983741,1.00274304,0.0,1.04e-06,27168,1,Reliable
2.1528756,11.234,0.00983401,1.00274455,0.0,1.04e-06,27168,1,Reliable
11.53200792,11.2341,0.00983304,1.00274477,0.0,1.04e-06,27168,1,Reliable
11.97630216,11.2347,0.00982902,1.00274595,0.0,1.04e-06,27168,1,Reliable
34.49437416,11.2353,0.00982528,1.00274756,0.0,1.03e-06,27168,1,Reliable
11.70190872,11.2372,0.00981533,1.00275142,0.0,1.01e-06,27168,1,Reliable
13.68348168,11.2378,0.009813,1.00275303,0.0,1e-06,27168,1,Reliable
11.66988024,11.2386,0.00980961,1.00275457,0.0,9.9e-07,27168,1,Reliable
12.28061376,11.2393,0.00980787,1.00275631,0.0,9.8e-07,27168,1,Reliable
23.95322112,11.2399,0.00980589,1.00275774,0.0,9.6e-07,27168,1,Reliable
10.2692136,11.2412,0.0098054,1.00276117,0.0,9.2e-07,27168,1,Reliable
1.70526384,11.2418,0.0098059,1.00276281,0.0,9.1e-07,27168,1,Reliable
11.977150559999998,11.2419,0.0098059,1.00276315,0.0,9.1e-07,27168,1,Reliable
15.4521876,11.2426,0.00980631,1.00276486,0.0,8.9e-07,27168,1,Reliable
8.50011216,11.2434,0.0098083,1.0027678,0.0,8.7e-07,27168,1,Reliable
11.97474336,11.2439,0.0098088,1.00276904,0.0,8.6e-07,27168,1,Reliable
27.98215512,11.2445,0.0098102,1.00277144,0.0,8.5e-07,27168,1,Reliable
7.944597119999999,11.246,0.0098137,1.00277716,0.0,8.3e-07,27168,1,Reliable
10.26854376,11.2465,0.0098134,1.00277872,0.0,8.3e-07,27168,1,Reliable
13.68164544,11.2471,0.00981478,1.00278088,0.0,8.3e-07,27168,0,Not Reliable
11.97412776,11.2477,0.0098926,1.00266316,0.0,8.2e-07,27168,1,Reliable
11.97682056,11.2483,0.00989375,1.00266676,0.0,8.2e-07,27168,1,Reliable
10.26839688,11.2489,0.00989567,1.00266986,0.0,8.3e-07,27168,1,Reliable
1.70471136,11.2495,0.00990036,1.00267234,0.0,8.3e-07,27168,1,Reliable
11.976868800000002,11.2495,0.00990042,1.00267283,0.0,8.3e-07,27168,1,Reliable
10.2681336,11.2502,0.00990097,1.00267611,0.0,8.4e-07,27168,1,Reliable
1.7056068,11.2507,0.00990243,1.00267841,0.0,8.5e-07,27168,1,Reliable
11.97591264,11.2508,0.00990241,1.00267886,0.0,8.5e-07,27168,1,Reliable
14.594006640000002,11.2514,0.0099016,1.00268211,0.0,8.6e-07,27168,1,Reliable
7.64715192,11.2521,0.00990255,1.00268536,0.0,8.8e-07,27168,1,Reliable
0.44684112,11.2525,0.0099023,1.00268754,0.0,8.8e-07,27168,1,Reliable
37.187725920000005,11.2527,0.00990072,1.00268783,0.0,8.8e-07,27168,1,Reliable
22.24459056,11.2545,0.00989717,1.0026961,0.0,9.1e-07,27168,1,Reliable
1.7056075199999998,11.2555,0.00989289,1.0027009,0.0,9.2e-07,27168,1,Reliable
10.26572256,11.2556,0.00989271,1.00270124,0.0,9.2e-07,27168,1,Reliable
11.97930984,11.2561,0.00989013,1.00270342,0.0,9.3e-07,27168,1,Reliable
8.0456328,11.2567,0.00988674,1.00270574,0.0,9.4e-07,27168,1,Reliable
5.63700168,11.2571,0.00988497,1.00270724,0.0,9.4e-07,27168,1,Reliable
23.95013448,11.2573,0.00988329,1.00270848,0.0,9.4e-07,27168,1,Reliable
11.97281928,11.2585,0.0098758,1.00271282,0.0,9.5e-07,27168,1,Reliable
11.97673344,11.259,0.00987124,1.0027148,0.0,9.6e-07,27168,1,Reliable
12.38354256,11.2595,0.00986782,1.0027169,0.0,9.6e-07,27168,1,Reliable
11.5678488,11.2601,0.00986204,1.00271882,0.0,9.7e-07,27168,1,Reliable
18.715908,11.2607,0.00985839,1.00272071,0.0,9.7e-07,27168,1,Reliable
5.23519344,11.2615,0.00985024,1.00272337,0.0,9.8e-07,27168,1,Reliable
11.973501359999998,11.2618,0.00984839,1.00272423,0.0,9.8e-07,27168,1,Reliable
11.976966,11.2623,0.00984226,1.0027259,0.0,9.9e-07,27168,1,Reliable
10.26492528,11.2629,0.00983866,1.00272758,0.0,1e-06,27168,1,Reliable
11.97482664,11.2634,0.0098337,1.00272907,0.0,1e-06,27168,1,Reliable
13.68293136,11.264,0.00982926,1.00273056,0.0,1.01e-06,27168,1,Reliable
7.131366239999999,11.2646,0.0098232,1.00273243,0.0,1.01e-06,27168,1,Reliable
4.846565999999999,11.265,0.00982003,1.00273318,0.0,1.02e-06,27168,1,Reliable
10.26808752,11.2652,0.0098186,1.00273388,0.0,1.02e-06,27168,1,Reliable
1.70620104,11.2658,0.00981451,1.00273528,0.0,1.02e-06,27168,1,Reliable
11.97602088,11.2658,0.00981354,1.00273548,0.0,1.02e-06,27168,1,Reliable
10.26748608,11.2664,0.00980951,1.00273681,0.0,1.03e-06,27168,1,Reliable
5.43993504,11.267,0.00980609,1.00273822,0.0,1.03e-06,27168,1,Reliable
8.24393424,11.2672,0.00980367,1.00273873,0.0,1.03e-06,27168,1,Reliable
10.2670968,11.2677,0.009801,1.00273966,0.0,1.03e-06,27168,1,Reliable
1.70560728,11.2682,0.00979834,1.00274114,0.0,1.03e-06,27168,1,Reliable
11.9774904,11.2683,0.00979778,1.00274131,0.0,1.03e-06,27168,1,Reliable
10.26688656,11.2689,0.00979395,1.00274254,0.0,1.03e-06,27168,1,Reliable
1.70560728,11.2695,0.00979197,1.00274402,0.0,1.03e-06,27168,1,Reliable
11.97821808,11.2696,0.00979148,1.00274422,0.0,1.03e-06,27168,1,Reliable
10.26692424,11.2702,0.00978795,1.00274547,0.0,1.02e-06,27168,1,Reliable
1.7060455200000002,11.2708,0.00978653,1.00274693,0.0,1.01e-06,27168,1,Reliable
11.97664968,11.2709,0.00978606,1.00274717,0.0,1.01e-06,27168,1,Reliable
10.26703824,11.2716,0.00978371,1.00274846,0.0,1e-06,27168,1,Reliable
13.6844568,11.2721,0.0097832,1.00274992,0.0,9.9e-07,27168,1,Reliable
10.26634008,11.2729,0.00978108,1.00275158,0.0,9.7e-07,27168,1,Reliable
3.80377728,11.2735,0.00978078,1.00275313,0.0,9.6e-07,27168,1,Reliable
9.87949776,11.2737,0.009781,1.00275375,0.0,9.5e-07,27168,1,Reliable
11.973504,11.2742,0.00977988,1.00275491,0.0,9.4e-07,27168,1,Reliable
11.97747432,11.2749,0.0097807,1.00275692,0.0,9.2e-07,27168,1,Reliable
11.972136,11.2755,0.00978085,1.00275855,0.0,9.1e-07,27168,1,Reliable
11.97837168,11.2762,0.00978246,1.00276072,0.0,8.9e-07,27168,1,Reliable
11.97333744,11.2768,0.00978348,1.00276254,0.0,8.8e-07,27168,1,Reliable
2.06934384,11.2775,0.00978551,1.00276487,0.0,8.6e-07,27168,1,Reliable
40.78944888,98.9097,0.00834782,14.03121863,0.00011258154,1.36e-06,29847,1,Reliable
7.11276552,98.9097,0.0083509,14.03122599,0.00013903,1.79e-06,29847,1,Reliable
57.9015996,98.9097,0.0083513,14.03122769,0.00014662,1.91e-06,29847,1,Reliable
19.39984488,98.9096,0.00835725,14.03124221,0.00021047536,2.94e-06,29847,1,Reliable
23.95321776,98.9097,0.0083583,14.03124755,0.00023014,3.25e-06,29847,1,Reliable
18.53433144,98.9097,0.0083611,14.03125603,0.00027088,3.91e-06,29847,1,Reliable
5.42451264,98.9098,0.0083631,14.03126159,0.00027934,4.04e-06,29847,1,Reliable
12.90274152,98.9098,0.0083639,14.03126362,0.00028569,4.14e-06,29847,1,Reliable
5.66018856,98.9098,0.0083649,14.03126663,0.00028126501,4.07e-06,29847,1,Reliable
5.3980764,98.9099,0.00836537,14.03126925,0.00029060367,4.22e-06,29847,1,Reliable
4.55482272,98.9099,0.00836597,14.03127128,0.00029655658,4.32e-06,29847,1,Reliable
6.870460560000001,98.9099,0.0083666,14.03127305,0.00029797,4.34e-06,29847,1,Reliable
17.0898504,98.9099,0.00836712,14.03127574,0.00030324831,4.43e-06,29847,1,Reliable
13.99328064,98.9101,0.00836847,14.03128288,0.0003166512,4.64e-06,29847,1,Reliable
18.31337328,98.9102,0.0083692,14.03128947,0.00033182,4.88e-06,29847,1,Reliable
15.61018512,98.9103,0.00837052,14.03129819,0.00035016984,5.18e-06,29847,1,Reliable
20.844414,98.9104,0.00837174,14.03130536,0.00035583003,5.27e-06,29847,1,Reliable
3.13705416,98.9105,0.0083728,14.03131513,0.0003613,5.36e-06,29847,1,Reliable
6.82125168,98.9105,0.00837282,14.0313166,0.00036064756,5.35e-06,29847,1,Reliable
1.50483696,98.9106,0.0083729,14.03131946,0.00035744,5.3e-06,29847,1,Reliable
11.04147168,98.9106,0.00837294,14.03132013,0.00035701264,5.29e-06,29847,1,Reliable
4.56718008,98.9107,0.0083733,14.03132498,0.0003527,5.22e-06,29847,1,Reliable
6.844018080000001,98.9107,0.00837362,14.03132724,0.00035236148,5.22e-06,29847,1,Reliable
8.84657184,98.9107,0.0083737,14.03133001,0.00034799,5.15e-06,29847,1,Reliable
10.00586952,98.9108,0.00837411,14.03133426,0.00034476642,5.09e-06,29847,1,Reliable
6.6145296,98.9108,0.0083745,14.03133874,0.00034029,5.02e-06,29847,1,Reliable
5.643993600000001,98.9109,0.00837448,14.03134164,0.00033733354,4.97e-06,29847,1,Reliable
11.693214,98.9109,0.00837463,14.03134407,0.00033099031,4.87e-06,29847,1,Reliable
23.9664312,98.9109,0.00837479,14.03134922,0.00032408701,4.76e-06,29847,1,Reliable
10.7069652,98.9109,0.00837526,14.03135883,0.00030086689,4.39e-06,29847,1,Reliable
6.95190672,98.911,0.00837517,14.03136318,0.00029250991,4.26e-06,29847,1,Reliable
4.60156584,98.9111,0.0083754,14.03136572,0.00028496,4.13e-06,29847,1,Reliable
1.6960008000000002,98.9111,0.00837547,14.03136733,0.00027846001,4.03e-06,29847,1,Reliable
6.61725408,98.9111,0.0083755,14.03136801,0.00027679,4e-06,29847,1,Reliable
5.65960944,98.9111,0.00837547,14.03137057,0.00027151573,3.92e-06,29847,1,Reliable
9.9567636,98.9111,0.00837557,14.03137246,0.0002620846,3.77e-06,29847,1,Reliable
12.4419888,98.9111,0.00837568,14.03137588,0.000252363,3.61e-06,29847,1,Reliable
54.866941440000005,98.9112,0.0083758,14.03138002,0.00023755,3.37e-06,29847,1,Reliable
18.54983736,98.9114,0.00837728,14.03139441,0.00016692862,2.24e-06,29847,1,Reliable
18.3238692,98.9114,0.00837769,14.03139916,0.00015073762,1.98e-06,29847,1,Reliable
17.33615856,98.9114,0.00837777,14.03140305,0.00013727524,1.77e-06,29847,1,Reliable
6.62634864,98.9114,0.0083786,14.03140684,0.00012426,1.56e-06,29847,1,Reliable
5.78246472,98.9114,0.00837847,14.03140824,0.00012184392,1.52e-06,29847,1,Reliable
11.5178664,98.9114,0.00837806,14.03140954,0.0001166096,1.43e-06,29847,1,Reliable
12.297192,98.9114,0.00837874,14.03141067,0.00010023787,1.17e-06,29847,1,Reliable
11.66368752,98.9114,0.00837953,14.03141204,8.5618801e-05,9.4e-07,29847,1,Reliable
6.66528432,98.9113,0.00838113,14.03141361,7.7760821e-05,8.1e-07,29847,1,Reliable
5.67665712,98.9113,0.00838138,14.03141438,7.4059046e-05,7.5e-07,29847,1,Reliable
8.50738896,98.9114,0.0083819,14.03141467,6.3883e-05,5.9e-07,29847,1,Reliable
2.93099712,98.9113,0.0083826,14.03141516,5.5587e-05,4.6e-07,29847,1,Reliable
14.1911592,98.9113,0.00838352,14.03141529,5.1708909e-05,3.9e-07,29847,1,Reliable
9.94834056,98.9113,0.00838486,14.03141607,3.7601395e-05,1.7e-07,29847,1,Reliable
14.01814536,98.9113,0.00838602,14.03141654,2.9183286e-05,3e-08,29847,1,Reliable
22.24540968,98.9113,0.0083876,14.03141729,2.1194e-05,-1e-07,29847,1,Reliable
18.34141776,98.9112,0.00839164,14.03141809,7.196623e-06,-3.2e-07,29847,1,Reliable
5.62573992,98.9112,0.00839627,14.03142017,1.3492884e-05,-2.2e-07,29847,1,Reliable
11.644662,98.9112,0.00839735,14.03141951,1.779202e-06,-4.1e-07,29847,1,Reliable
6.69298872,98.9112,0.00839984,14.03141944,-3.539032e-06,-4.9e-07,29847,1,Reliable
5.74495536,98.9112,0.00840106,14.03142006,3.041396e-06,-3.9e-07,29847,1,Reliable
6.97157976,98.9112,0.00840213,14.03142022,1.50756e-07,-4.3e-07,29847,1,Reliable
35.17955208,98.9112,0.00840374,14.03141993,1.093748e-06,-4.2e-07,29847,1,Reliable
5.769502800000001,98.9111,0.00841232,14.03141921,-8.96626e-06,-5.8e-07,29847,1,Reliable
6.96686448,98.9111,0.00841357,14.0314193,-1.0089303e-05,-6e-07,29847,1,Reliable
16.99007352,98.9111,0.00841535,14.03142299,2.6777862e-05,0.0,29847,1,Reliable
1.56806616,98.911,0.00841953,14.03141943,-4.564087e-06,-5.1e-07,29847,1,Reliable
9.95303592,98.911,0.0084201,14.03141943,-4.2436e-06,-5e-07,29847,1,Reliable
12.43812936,98.911,0.00842391,14.03141733,-2.4759485e-05,-8.3e-07,29847,1,Reliable
8.407983360000001,98.911,0.00842751,14.03141624,-3.3617785e-05,-9.7e-07,29847,1,Reliable
3.14902752,98.911,0.0084316,14.03141424,-5.0278e-05,-1.24e-06,29847,1,Reliable
12.40247352,98.911,0.0084329,14.03141409,-5.1047e-05,-1.25e-06,29847,1,Reliable
11.51969712,98.911,0.00843633,14.03141336,-5.332618e-05,-1.29e-06,29847,1,Reliable
12.45174552,98.9109,0.0084413,14.03141195,-6.0523e-05,-1.4e-06,29847,1,Reliable
11.379079679999998,98.9109,0.00844489,14.03141147,-5.7303937e-05,-1.35e-06,29847,1,Reliable
7.029643200000001,98.9109,0.0084487,14.03141064,-5.6750786e-05,-1.34e-06,29847,1,Reliable
12.49036872,98.9109,0.00845066,14.03141058,-5.0648632e-05,-1.25e-06,29847,1,Reliable
17.00817336,98.9109,0.00845447,14.0314096,-5.0133473e-05,-1.24e-06,29847,1,Reliable
8.414290560000001,98.9109,0.00845991,14.03140908,-4.3082286e-05,-1.12e-06,29847,1,Reliable
17.11306512,98.9109,0.0084629,14.03140828,-4.135e-05,-1.1e-06,29847,1,Reliable
22.393989360000003,98.9109,0.008468,14.03140768,-3.1136464e-05,-9.3e-07,29847,1,Reliable
11.39531136,98.9109,0.0084748,14.03140743,-1.1428e-05,-6.1e-07,29847,1,Reliable
12.562878,98.9109,0.00847827,14.03140754,4.93596e-07,-4.2e-07,29847,1,Reliable
1.58882448,98.9109,0.0084816,14.03140771,1.2244e-05,-2.3e-07,29847,1,Reliable
9.97208208,98.9109,0.00848249,14.03140775,1.3166036e-05,-2.2e-07,29847,1,Reliable
13.95302376,98.9109,0.0084852,14.03140786,2.3619e-05,-5e-08,29847,1,Reliable
9.96583008,98.9109,0.00849088,14.03140887,3.9473531e-05,2e-07,29847,1,Reliable
14.01050352,98.9109,0.0084941,14.0314095,5.1581e-05,4e-07,29847,1,Reliable
6.83866512,98.911,0.00849755,14.03141095,6.9970786e-05,6.9e-07,29847,1,Reliable
3.11247864,98.911,0.008498,14.03141097,7.5734e-05,7.9e-07,29847,1,Reliable
6.8958,98.911,0.0084986,14.03141144,7.9959e-05,8.6e-07,29847,1,Reliable
5.54281224,98.911,0.00850032,14.03141225,8.9191128e-05,1e-06,29847,1,Reliable
11.57823432,98.911,0.00850168,14.03141313,9.6445238e-05,1.12e-06,29847,1,Reliable
12.42091536,98.9111,0.00850421,14.03141476,0.00011345017,1.39e-06,29847,1,Reliable
11.3568012,98.9111,0.0085067,14.03141695,0.00013128,1.68e-06,29847,1,Reliable
7.009625519999999,98.9112,0.00850918,14.03141933,0.00015060346,1.99e-06,29847,1,Reliable
5.562065039999999,98.9112,0.00851066,14.03142069,0.00016088613,2.16e-06,29847,1,Reliable
8.40567768,98.9113,0.00851166,14.03142207,0.00016890908,2.29e-06,29847,1,Reliable
3.155928,98.9113,0.00851316,14.03142352,0.00017811653,2.43e-06,29847,1,Reliable
12.39141336,98.9113,0.00851366,14.03142471,0.00018646107,2.57e-06,29847,1,Reliable
8.414019119999999,98.9114,0.00851611,14.03142801,0.00020544104,2.87e-06,29847,1,Reliable
3.14412552,98.9115,0.0085174,14.03142993,0.000215,3.03e-06,29847,1,Reliable
12.40276728,98.9115,0.00851773,14.03143123,0.00022303866,3.16e-06,29847,1,Reliable
11.34450312,98.9116,0.00851967,14.03143549,0.00024654165,3.53e-06,29847,1,Reliable
12.62022576,98.9117,0.0085215,14.03144048,0.00027543839,4e-06,29847,1,Reliable
18.3887448,98.9118,0.0085237,14.03144577,0.0003004641,4.4e-06,29847,1,Reliable
5.5666442400000005,98.912,0.00852586,14.03145375,0.00033277041,4.92e-06,29847,1,Reliable
11.39589792,98.912,0.00852659,14.03145633,0.00034000201,5.04e-06,29847,1,Reliable
12.56458368,98.9121,0.00852955,14.03146201,0.00035965394,5.35e-06,29847,1,Reliable
8.412234960000001,98.9122,0.0085318,14.03146792,0.00037448,5.59e-06,29847,1,Reliable
2.988516,98.9122,0.0085325,14.03147156,0.00037842,5.66e-06,29847,1,Reliable
14.10880752,98.9122,0.00853286,14.03147376,0.00038977678,5.84e-06,29847,1,Reliable
22.41691752,98.9124,0.0085353,14.03148161,0.00040561855,6.09e-06,29847,1,Reliable
18.37881672,98.9126,0.00853878,14.03149341,0.00041973226,6.32e-06,29847,1,Reliable
5.57614944,98.9128,0.00854212,14.03150381,0.00043292805,6.53e-06,29847,1,Reliable
11.53758336,98.9128,0.00854292,14.03150701,0.00043283895,6.53e-06,29847,1,Reliable
12.4291776,98.9129,0.00854436,14.03151263,0.0004248304,6.4e-06,29847,1,Reliable
6.93602184,98.9131,0.00854595,14.03151933,0.00042056082,6.33e-06,29847,1,Reliable
17.01819384,98.9131,0.0085468,14.03152292,0.00041859783,6.3e-06,29847,1,Reliable
35.485841040000004,98.9133,0.00854947,14.03153161,0.00040160155,6.03e-06,29847,1,Reliable
8.34472728,98.9135,0.00855473,14.03154846,0.00036020005,5.37e-06,29847,1,Reliable
14.18014008,98.9136,0.00855658,14.03155222,0.00035105448,5.22e-06,29847,1,Reliable
1.44393528,98.9137,0.008558,14.03155829,0.00032889,4.86e-06,29847,1,Reliable
13.9729596,98.9137,0.0085582,14.03155889,0.00032661,4.83e-06,29847,1,Reliable
9.97909296,98.9139,0.00856098,14.03156504,0.00031223133,4.59e-06,29847,1,Reliable
1.7322074399999998,98.9139,0.0085625,14.03156811,0.00028648613,4.18e-06,29847,1,Reliable
10.70393424,98.9139,0.00856319,14.03156872,0.00028309804,4.13e-06,29847,1,Reliable
13.2575352,98.914,0.00856535,14.03157289,0.00027050103,3.92e-06,29847,1,Reliable
12.26724744,98.9141,0.00856755,14.03157725,0.00024694794,3.54e-06,29847,1,Reliable
1.71361416,98.9142,0.00857004,14.0315808,0.00022526878,3.2e-06,29847,1,Reliable
20.68597248,98.9142,0.00857023,14.03158119,0.00022206953,3.14e-06,29847,1,Reliable
3.27817008,98.9144,0.00857417,14.03158659,0.00018292962,2.52e-06,29847,1,Reliable
33.92351664,98.9144,0.00857467,14.03158809,0.00018598017,2.56e-06,29847,1,Reliable
13.96198872,98.9146,0.00858269,14.03159395,0.00011930224,1.49e-06,29847,1,Reliable
9.98833704,98.9146,0.00858486,14.03159585,9.6482832e-05,1.13e-06,29847,1,Reliable
13.98910032,98.9147,0.00858644,14.03159679,7.9075854e-05,8.5e-07,29847,1,Reliable
9.99432864,98.9148,0.00858931,14.03159834,6.1450964e-05,5.6e-07,29847,1,Reliable
13.94988336,98.9148,0.0085914,14.03159869,4.475984e-05,2.9e-07,29847,1,Reliable
5.38906872,98.9149,0.0085938,14.03159969,3.0746e-05,7e-08,29847,1,Reliable
4.57158072,98.9149,0.0085944,14.03159963,2.4133e-05,-4e-08,29847,1,Reliable
12.33457392,98.9149,0.00859434,14.03159957,1.5564425e-05,-1.8e-07,29847,1,Reliable
11.62213872,98.9149,0.00859671,14.03159976,3.104847e-06,-3.8e-07,29847,1,Reliable
6.90858504,98.915,0.00859809,14.0316001,-5.247123e-06,-5.1e-07,29847,1,Reliable
7.11637248,98.915,0.0085991,14.03160057,-5.84947e-06,-5.2e-07,29847,1,Reliable
9.93375696,98.915,0.0085999,14.03160003,-1.674e-05,-7e-07,29847,1,Reliable
14.0195436,98.9151,0.008601,14.03159957,-2.624e-05,-8.5e-07,29847,1,Reliable
5.3737008,98.9151,0.0086028,14.03159892,-3.6143e-05,-1.01e-06,29847,1,Reliable
2.9210438400000003,98.9152,0.0086028,14.03159828,-4.0363e-05,-1.08e-06,29847,1,Reliable
1.64565888,98.9152,0.00860306,14.03159812,-4.3199319e-05,-1.12e-06,29847,1,Reliable
6.9062844,98.9152,0.0086031,14.03159806,-4.3339e-05,-1.12e-06,29847,1,Reliable
7.10905176,98.9152,0.00860397,14.03159762,-4.66425e-05,-1.18e-06,29847,1,Reliable
8.278981439999999,98.9152,0.0086042,14.03159709,-5.1874e-05,-1.26e-06,29847,1,Reliable
1.66339632,98.9152,0.0086045,14.03159664,-5.4161e-05,-1.3e-06,29847,1,Reliable
13.9974072,98.9152,0.00860453,14.0315966,-5.4559868e-05,-1.3e-06,29847,1,Reliable
9.9606348,98.9152,0.00860526,14.03159503,-6.584226e-05,-1.49e-06,29847,1,Reliable
23.95927704,98.9152,0.0086055,14.03159415,-6.921e-05,-1.54e-06,29847,1,Reliable
6.6512184,98.9152,0.0086061,14.03159277,-6.893e-05,-1.54e-06,29847,1,Reliable
7.361786879999999,98.9152,0.00860641,14.03159248,-6.7166604e-05,-1.51e-06,29847,1,Reliable
5.38026384,98.9152,0.00860587,14.03159179,-7.0579212e-05,-1.56e-06,29847,1,Reliable
4.56669912,98.9152,0.0086055,14.03159096,-7.2394e-05,-1.59e-06,29847,1,Reliable
12.30827448,98.9152,0.008605,14.03159119,-6.626e-05,-1.49e-06,29847,1,Reliable
11.65131696,98.9152,0.008605,14.03158983,-7.1292099e-05,-1.57e-06,29847,1,Reliable
6.91169832,98.9152,0.0086041,14.03158944,-6.2419e-05,-1.43e-06,29847,1,Reliable
5.5192178400000005,98.9152,0.00860381,14.03158895,-5.8608149e-05,-1.37e-06,29847,1,Reliable
1.57139088,98.9152,0.00860329,14.03158851,-6.0657024e-05,-1.4e-06,29847,1,Reliable
9.95519376,98.9152,0.00860291,14.03158823,-6.1067201e-05,-1.41e-06,29847,1,Reliable
12.43304016,98.9152,0.00860166,14.03158818,-4.9071121e-05,-1.22e-06,29847,1,Reliable
11.40723408,98.9152,0.00860052,14.03158751,-4.4920274e-05,-1.15e-06,29847,1,Reliable
6.767939279999999,98.9153,0.00859868,14.03158713,-3.650777e-05,-1.02e-06,29847,1,Reliable
7.36068312,98.9153,0.00859816,14.03158809,-1.7938643e-05,-7.2e-07,29847,1,Reliable
16.59712008,98.9153,0.00859689,14.03158718,-2.3034366e-05,-8e-07,29847,1,Reliable
17.18901528,98.9153,0.0085939,14.0315878,-5.4801e-07,-4.4e-07,29847,1,Reliable
14.1167916,98.9153,0.00859019,14.03158698,2.185181e-06,-3.9e-07,29847,1,Reliable
9.96213552,98.9153,0.00858732,14.03158673,6.256287e-06,-3.3e-07,29847,1,Reliable
12.43967112,98.9153,0.00858475,14.03158784,2.2139921e-05,-7e-08,29847,1,Reliable
18.17267568,98.9153,0.00858192,14.03158843,3.1518132e-05,8e-08,29847,1,Reliable
5.83359216,98.9153,0.0085774,14.03158823,3.7654138e-05,1.8e-07,29847,1,Reliable
23.91263064,98.9154,0.008576,14.03158837,3.932e-05,2e-07,29847,1,Reliable
6.95172216,98.9154,0.00856943,14.03158962,5.3365035e-05,4.3e-07,29847,1,Reliable
11.21726832,98.9154,0.00856721,14.03159012,5.9686769e-05,5.3e-07,29847,1,Reliable
5.789107680000001,98.9155,0.00856391,14.03159143,6.9782786e-05,6.9e-07,29847,1,Reliable
6.95254368,98.9155,0.00856239,14.03159214,7.344876e-05,7.5e-07,29847,1,Reliable
17.00835528,98.9155,0.00856033,14.03159251,7.8192366e-05,8.3e-07,29847,1,Reliable
8.40653064,98.9156,0.00855529,14.03159542,9.8042102e-05,1.15e-06,29847,1,Reliable
2.99225424,98.9156,0.0085523,14.03159639,0.00010502,1.26e-06,29847,1,Reliable
12.45063264,98.9156,0.00855106,14.03159695,0.00010750917,1.3e-06,29847,1,Reliable
7.05761568,98.9156,0.0085471,14.03159979,0.00012825605,1.63e-06,29847,1,Reliable
4.451028,98.9156,0.0085449,14.03160131,0.00014162,1.85e-06,29847,1,Reliable
20.96849016,98.9156,0.00854333,14.03160111,0.00013272794,1.7e-06,29847,1,Reliable
9.99975024,98.9157,0.0085369,14.03160651,0.00016866,2.28e-06,29847,1,Reliable
16.95079416,98.9157,0.0085338,14.03160628,0.00015425,2.05e-06,29847,1,Reliable
12.56501544,98.9158,0.00852855,14.03161085,0.0001771037,2.42e-06,29847,1,Reliable
11.54349048,98.9159,0.00852529,14.03161404,0.00018896426,2.61e-06,29847,1,Reliable
6.855095520000001,98.9159,0.00852165,14.0316159,0.00019179205,2.65e-06,29847,1,Reliable
7.12747272,98.916,0.00851969,14.03161776,0.00019852274,2.76e-06,29847,1,Reliable
9.78241608,98.916,0.00851781,14.03161959,0.00020382655,2.84e-06,29847,1,Reliable
19.560384,98.9161,0.00851511,14.03162176,0.00020663775,2.89e-06,29847,1,Reliable
4.58652192,98.9162,0.00851,14.03162762,0.00022622,3.2e-06,29847,1,Reliable
12.4222536,98.9163,0.00850867,14.03162845,0.00022243409,3.14e-06,29847,1,Reliable
1.56081528,98.9164,0.0085054,14.03163227,0.00023122,3.28e-06,29847,1,Reliable
9.99449256,98.9164,0.00850528,14.03163298,0.00023570056,3.36e-06,29847,1,Reliable
23.79850584,98.9164,0.00850269,14.03163592,0.00024079241,3.44e-06,29847,1,Reliable
12.57096912,98.9167,0.00849714,14.03164368,0.00025544326,3.67e-06,29847,1,Reliable
19.86177696,98.9168,0.00849469,14.03164836,0.00026594068,3.84e-06,29847,1,Reliable
4.13919792,98.9169,0.00849059,14.03165518,0.00027502452,3.99e-06,29847,1,Reliable
8.36772,98.917,0.0084897,14.03165682,0.00027676,4.01e-06,29847,1,Reliable
2.97747024,98.917,0.0084878,14.03165988,0.00028311,4.12e-06,29847,1,Reliable
12.5709276,98.9171,0.00848728,14.03166086,0.00028167038,4.09e-06,29847,1,Reliable
18.3749352,98.9173,0.0084854,14.03166602,0.00029039,4.23e-06,29847,1,Reliable
1.48010856,98.9174,0.008482,14.03167343,0.00030131,4.41e-06,29847,1,Reliable
5.6509008000000005,98.9174,0.0084816,14.03167403,0.00030169248,4.41e-06,29847,1,Reliable
12.39442296,98.7759,0.0047255,14.07341793,0.00043306133,6.92e-06,30062,1,Reliable
1.7079864,98.7759,0.00472433,14.07342571,0.00043998912,7.03e-06,30062,1,Reliable
9.99472536,98.7759,0.00472422,14.07342661,0.00043915439,7.02e-06,30062,1,Reliable
10.56948576,98.7759,0.00472347,14.07343206,0.00042418589,6.77e-06,30062,1,Reliable
10.1560884,98.7759,0.00472255,14.07343915,0.00042859458,6.84e-06,30062,1,Reliable
13.68910896,98.7759,0.00472178,14.07344374,0.00040238727,6.4e-06,30062,1,Reliable
1.68626592,98.7759,0.0047205,14.07345268,0.00039482,6.27e-06,30062,1,Reliable
1.6719520799999998,98.7759,0.0047204,14.07345381,0.000396909,6.3e-06,30062,1,Reliable
9.9765624,98.7759,0.00472019,14.07345457,0.00039372427,6.25e-06,30062,1,Reliable
17.630429279999998,98.7759,0.00471972,14.07345839,0.00036130646,5.7e-06,30062,1,Reliable
6.23921664,98.7759,0.0047189,14.07346939,0.00035568209,5.6e-06,30062,1,Reliable
6.61156536,98.7759,0.0047189,14.07347239,0.0003425,5.38e-06,30062,1,Reliable
5.66292192,98.7759,0.00471818,14.07347298,0.00030922706,4.82e-06,30062,1,Reliable
18.49758168,98.7759,0.0047182,14.07347684,0.00030978112,4.83e-06,30062,1,Reliable
5.38521768,98.7759,0.0047178,14.07348632,0.00028983,4.49e-06,30062,1,Reliable
8.50695504,98.7759,0.00471755,14.07348795,0.00027756824,4.28e-06,30062,1,Reliable
9.72461808,98.7759,0.00471774,14.07348957,0.00024979569,3.81e-06,30062,1,Reliable
12.74153928,98.7759,0.00471747,14.07349534,0.00026420081,4.05e-06,30062,1,Reliable
4.52975064,98.7759,0.0047177,14.07350115,0.00026373,4.04e-06,30062,1,Reliable
6.88242552,98.7759,0.0047178,14.07350136,0.00024133,3.66e-06,30062,1,Reliable
5.42765568,98.7759,0.00471786,14.07350209,0.00022234161,3.34e-06,30062,1,Reliable
8.47351536,98.7759,0.0047179,14.07350513,0.00022955,3.46e-06,30062,1,Reliable
3.10587072,98.7759,0.0047183,14.07350631,0.00020788,3.1e-06,30062,1,Reliable
6.88073616,98.7758,0.0047184,14.07350743,0.0002064,3.07e-06,30062,1,Reliable
5.37280056,98.7758,0.00471859,14.07350845,0.00019441464,2.87e-06,30062,1,Reliable
7.09700304,98.7758,0.00471875,14.07351096,0.00020173843,2.99e-06,30062,1,Reliable
4.53465744,98.7758,0.00471924,14.07351287,0.00019831358,2.93e-06,30062,1,Reliable
6.67764288,98.7758,0.0047197,14.07351439,0.00019782,2.93e-06,30062,1,Reliable
7.28866968,98.7758,0.00471984,14.07351629,0.00019831587,2.93e-06,30062,1,Reliable
16.796996399999998,98.7758,0.00472017,14.07351899,0.00020656689,3.07e-06,30062,1,Reliable
8.774990879999999,98.7758,0.00472144,14.07352433,0.00021779668,3.26e-06,30062,1,Reliable
8.23293792,98.7758,0.00472209,14.07352894,0.0002401836,3.64e-06,30062,1,Reliable
19.34016744,98.7758,0.00472282,14.07353128,0.00024180483,3.67e-06,30062,1,Reliable
4.5931488,98.7758,0.004725,14.07354276,0.00030516,4.75e-06,30062,1,Reliable
13.91193672,98.7758,0.00472553,14.07354409,0.00030439041,4.73e-06,30062,1,Reliable
1.7315980800000002,98.7759,0.0047268,14.07355052,0.00032766,5.13e-06,30062,1,Reliable
3.71102424,98.7758,0.00472694,14.07355118,0.00032959995,5.16e-06,30062,1,Reliable
4.56651624,98.7758,0.00472738,14.07355248,0.00033304511,5.22e-06,30062,1,Reliable
6.54772848,98.7758,0.004728,14.07355445,0.00033601,5.27e-06,30062,1,Reliable
5.65977936,98.7759,0.00472849,14.07355692,0.00033831399,5.31e-06,30062,1,Reliable
1.65504024,98.7759,0.0047291,14.07355969,0.00034393,5.41e-06,30062,1,Reliable
5.39869536,98.7759,0.00472928,14.07356017,0.00034341357,5.4e-06,30062,1,Reliable
4.58619792,98.7758,0.0047296,14.07356229,0.00034669,5.45e-06,30062,1,Reliable
1.75920672,98.7758,0.00473043,14.07356478,0.00035218058,5.55e-06,30062,1,Reliable
5.06384328,98.7758,0.0047307,14.07356581,0.00035433,5.58e-06,30062,1,Reliable
7.10035368,98.7759,0.00473106,14.07356753,0.0003544321,5.59e-06,30062,1,Reliable
1.72022688,98.7759,0.0047311,14.07357136,0.00036036,5.69e-06,30062,1,Reliable
6.5819126400000005,98.7759,0.00473141,14.07357202,0.00035987175,5.68e-06,30062,1,Reliable
3.39569304,98.7758,0.00473245,14.07357531,0.00036497209,5.76e-06,30062,1,Reliable
6.55641336,98.7758,0.0047327,14.07357712,0.00036589,5.78e-06,30062,1,Reliable
5.626078560000001,98.7759,0.00473319,14.07358029,0.00036775123,5.81e-06,30062,1,Reliable
5.38770048,98.7758,0.00473374,14.07358287,0.00036338874,5.74e-06,30062,1,Reliable
4.569912960000001,98.7758,0.0047348,14.07358528,0.00036148,5.71e-06,30062,1,Reliable
22.25220888,98.7758,0.004735,14.07358805,0.00036432,5.75e-06,30062,1,Reliable
3.1374852,98.7758,0.00473772,14.07359785,0.00034268095,5.39e-06,30062,1,Reliable
10.90748448,98.7758,0.00473821,14.07359917,0.00033756821,5.3e-06,30062,1,Reliable
6.906911040000001,98.7758,0.0047392,14.07360431,0.00032888,5.15e-06,30062,1,Reliable
4.57782528,98.7758,0.0047394,14.07360693,0.00031731,4.96e-06,30062,1,Reliable
1.7442072,98.7758,0.00474045,14.07360845,0.00030647208,4.77e-06,30062,1,Reliable
6.55750896,98.7757,0.0047409,14.07360892,0.00030195,4.7e-06,30062,1,Reliable
5.82902904,98.7758,0.00474153,14.07361202,0.00029520549,4.58e-06,30062,1,Reliable
1.47584952,98.7757,0.00474212,14.07361369,0.00027884069,4.3e-06,30062,1,Reliable
9.82059552,98.7757,0.00474253,14.07361406,0.00027509872,4.24e-06,30062,1,Reliable
58.66049736,98.7757,0.00474498,14.07361783,0.00025914236,3.97e-06,30062,1,Reliable
35.36950464,98.7757,0.0047563,14.0736349,0.00016197278,2.32e-06,30062,1,Reliable
8.27913504,98.7757,0.00476402,14.07364572,0.00015726426,2.24e-06,30062,1,Reliable
17.27178192,98.7758,0.00476578,14.07364858,0.00016599332,2.39e-06,30062,1,Reliable
6.614097119999999,98.7758,0.0047701,14.07365576,0.00019146,2.82e-06,30062,1,Reliable
7.36957536,98.7758,0.00477149,14.07365866,0.00020598213,3.07e-06,30062,1,Reliable
1.6651128,98.7758,0.00477326,14.07366203,0.00021799725,3.27e-06,30062,1,Reliable
8.2355964,98.7758,0.0047736,14.0736626,0.00022034,3.31e-06,30062,1,Reliable
6.621156,98.7758,0.0047759,14.07366451,0.00022186,3.34e-06,30062,1,Reliable
5.84049648,98.7758,0.00477788,14.07366748,0.00023838796,3.62e-06,30062,1,Reliable
11.49143328,98.7758,0.0047795,14.07366843,0.00023493,3.56e-06,30062,1,Reliable
6.557945279999999,98.7758,0.00478237,14.07367361,0.00026119339,4.01e-06,30062,1,Reliable
5.836905359999999,98.7758,0.0047838,14.07367669,0.00027788683,4.29e-06,30062,1,Reliable
8.3355,98.7758,0.0047856,14.07367795,0.00027673,4.27e-06,30062,1,Reliable
2.9276450400000003,98.7758,0.0047875,14.0736812,0.00029072,4.51e-06,30062,1,Reliable
6.786847440000001,98.7757,0.0047881,14.07368216,0.00029183601,4.53e-06,30062,1,Reliable
9.07633944,98.7758,0.00478985,14.0736848,0.00030330845,4.72e-06,30062,1,Reliable
8.068534080000001,98.7758,0.00479163,14.07368859,0.00031586736,4.94e-06,30062,1,Reliable
14.06658144,98.7757,0.00479421,14.07369229,0.00032892254,5.16e-06,30062,1,Reliable
22.40336928,98.7758,0.0047983,14.07369971,0.00035896,5.67e-06,30062,1,Reliable
13.19618736,98.7758,0.004805,14.07371126,0.00038916565,6.18e-06,30062,1,Reliable
22.16899704,98.7758,0.00480862,14.07372132,0.00042861232,6.85e-06,30062,1,Reliable
6.80098224,98.7759,0.00481501,14.07373094,0.00041549071,6.63e-06,30062,1,Reliable
12.4853112,98.7759,0.00481696,14.07373617,0.00043391216,6.94e-06,30062,1,Reliable
1.4847444,98.7759,0.0048201,14.07374305,0.00043664,6.99e-06,30062,1,Reliable
28.51485384,98.7759,0.00482,14.07374403,0.00043718749,7e-06,30062,1,Reliable
6.765485279999999,98.776,0.00482779,14.07375834,0.0004030934,6.42e-06,30062,1,Reliable
17.12668992,98.776,0.00483011,14.07376253,0.00039908184,6.35e-06,30062,1,Reliable
7.0343268,98.776,0.00483502,14.07377639,0.00041368112,6.6e-06,30062,1,Reliable
7.03862904,98.7761,0.00483686,14.07377914,0.00039683632,6.31e-06,30062,1,Reliable
9.95936016,98.7761,0.0048388,14.07378072,0.00036979,5.86e-06,30062,1,Reliable
6.88839936,98.7761,0.0048418,14.07378126,0.00030802633,4.81e-06,30062,1,Reliable
13.66310928,98.7761,0.00484372,14.0737827,0.00028083527,4.34e-06,30062,1,Reliable
3.2095596,98.7761,0.0048479,14.07378477,0.00021988,3.31e-06,30062,1,Reliable
8.6448312,98.7761,0.00484886,14.07378574,0.00021087535,3.16e-06,30062,1,Reliable
15.23614584,98.7762,0.00485132,14.07378828,0.00019187289,2.83e-06,30062,1,Reliable
8.62827816,98.7762,0.0048553,14.07379105,0.00014669,2.07e-06,30062,1,Reliable
13.73288544,98.7762,0.00485867,14.07379436,0.00014360402,2.01e-06,30062,1,Reliable
8.54134944,98.7762,0.0048626,14.07379749,0.00012380346,1.68e-06,30062,1,Reliable
23.88223368,98.7763,0.00486526,14.07380001,0.00012372828,1.68e-06,30062,1,Reliable
3.87499968,98.7763,0.00487213,14.07380403,0.000108161,1.41e-06,30062,1,Reliable
13.00575864,98.7763,0.00487362,14.07380495,0.00010934445,1.43e-06,30062,1,Reliable
12.580291679999998,98.7763,0.0048775,14.07380646,0.00010622,1.38e-06,30062,1,Reliable
1.50018144,98.7763,0.0048817,14.07380934,0.00012217,1.65e-06,30062,1,Reliable
9.8125188,98.7764,0.0048821,14.07380963,0.00012376511,1.68e-06,30062,1,Reliable
6.99652224,98.7764,0.00488418,14.07381183,0.00013871476,1.93e-06,30062,1,Reliable
7.09651704,98.7764,0.00488658,14.07381367,0.00015149683,2.15e-06,30062,1,Reliable
6.82340616,98.7764,0.00488897,14.07381539,0.00015978433,2.29e-06,30062,1,Reliable
1.46920056,98.7764,0.004891,14.07381767,0.00017786,2.6e-06,30062,1,Reliable
8.49301488,98.7764,0.0048914,14.07381799,0.00017921,2.62e-06,30062,1,Reliable
5.57852112,98.7765,0.00489374,14.0738206,0.00019728036,2.93e-06,30062,1,Reliable
3.22236696,98.7765,0.004895,14.07382212,0.00020448,3.05e-06,30062,1,Reliable
8.27966568,98.7765,0.00489572,14.07382291,0.00020929265,3.13e-06,30062,1,Reliable
15.61316544,98.7765,0.0048985,14.07382553,0.00022405,3.38e-06,30062,1,Reliable
5.12020368,98.7765,0.00490375,14.07383056,0.00024702839,3.77e-06,30062,1,Reliable
2.92263864,98.7765,0.0049056,14.07383235,0.00025554,3.92e-06,30062,1,Reliable
14.16163776,98.7765,0.00490635,14.07383339,0.00025841101,3.97e-06,30062,1,Reliable
5.33632584,98.7766,0.0049114,14.07383899,0.00027817,4.3e-06,30062,1,Reliable
4.60388136,98.7766,0.0049116,14.07384096,0.00028508,4.42e-06,30062,1,Reliable
1.49820024,98.7766,0.00491281,14.07384219,0.00028346902,4.39e-06,30062,1,Reliable
5.3125872,98.7766,0.0049132,14.07384272,0.00028378,4.4e-06,30062,1,Reliable
8.77515696,98.7766,0.00491468,14.0738443,0.00028482903,4.42e-06,30062,1,Reliable
6.84206616,98.7766,0.0049172,14.07384785,0.00028909,4.49e-06,30062,1,Reliable
8.261943839999999,98.7766,0.0049192,14.07385043,0.00029119,4.52e-06,30062,1,Reliable
5.57108112,98.7767,0.0049222,14.07385333,0.00028823259,4.47e-06,30062,1,Reliable
11.4803616,98.7767,0.00492327,14.07385556,0.00028728052,4.46e-06,30062,1,Reliable
8.30965368,98.7767,0.00492616,14.07386,0.00028320691,4.39e-06,30062,1,Reliable
23.89118112,98.7767,0.00492897,14.07386279,0.00027467119,4.24e-06,30062,1,Reliable
4.11200736,98.7768,0.00493576,14.07387028,0.00024068333,3.67e-06,30062,1,Reliable
6.89513064,98.7768,0.00493654,14.07387174,0.00023487448,3.57e-06,30062,1,Reliable
12.8805792,98.7768,0.0049377,14.07387331,0.00021802,3.28e-06,30062,1,Reliable
14.15528304,98.7768,0.00494126,14.07387858,0.0002127116,3.19e-06,30062,1,Reliable
1.47627,98.7769,0.0049443,14.07388437,0.00020606,3.08e-06,30062,1,Reliable
1.4974392,98.7769,0.00494476,14.0738848,0.00020319184,3.03e-06,30062,1,Reliable
12.63047664,98.7769,0.00494524,14.07388526,0.00020040625,2.98e-06,30062,1,Reliable
18.01422288,98.7769,0.00494814,14.0738909,0.00019942087,2.97e-06,30062,1,Reliable
12.71077224,98.7769,0.00495314,14.07389681,0.00018491168,2.72e-06,30062,1,Reliable
15.31307616,98.777,0.00495589,14.07389938,0.00016081599,2.31e-06,30062,1,Reliable
19.75252536,98.777,0.00495955,14.07390504,0.00017000898,2.47e-06,30062,1,Reliable
5.77917144,98.777,0.00496375,14.07391368,0.00019265413,2.85e-06,30062,1,Reliable
23.93001456,98.777,0.0049649,14.07391484,0.00018881237,2.79e-06,30062,1,Reliable
18.32049,98.7771,0.0049695,14.0739223,0.00020763594,3.11e-06,30062,1,Reliable
5.527507679999999,98.7771,0.00497286,14.07393013,0.0002486402,3.8e-06,30062,1,Reliable
11.35734408,98.7771,0.0049737,14.07393222,0.00025629103,3.93e-06,30062,1,Reliable
13.89486168,98.777,0.00497533,14.07393516,0.00025951496,3.99e-06,30062,1,Reliable
33.88081488,98.7771,0.004978,14.07394093,0.00028645703,4.45e-06,30062,1,Reliable
1.89961584,98.7772,0.00498339,14.07395257,0.0003173618,4.97e-06,30062,1,Reliable
5.092626,98.7772,0.0049835,14.07395474,0.0003367,5.3e-06,30062,1,Reliable
17.06297424,98.7772,0.00498436,14.07395695,0.00034486287,5.44e-06,30062,1,Reliable
20.755934640000003,98.7772,0.00498566,14.07396352,0.00035567143,5.63e-06,30062,1,Reliable
1.4383982400000002,98.7773,0.0049897,14.07397358,0.00037806,6.01e-06,30062,1,Reliable
17.34587592,98.7773,0.0049898,14.07397432,0.00037874,6.02e-06,30062,1,Reliable
6.54600336,98.7773,0.00499304,14.07398396,0.00040135133,6.4e-06,30062,1,Reliable
1.65623496,98.7773,0.0049939,14.07398566,0.00038264,6.08e-06,30062,1,Reliable
1.74874488,98.7773,0.00499406,14.07398652,0.00038227486,6.08e-06,30062,1,Reliable
12.185892,98.7773,0.00499446,14.07398741,0.00038147454,6.06e-06,30062,1,Reliable
9.959819520000002,98.7774,0.00499609,14.07399566,0.00040732149,6.5e-06,30062,1,Reliable
1.73144592,98.7774,0.00499714,14.07399856,0.00037712166,5.99e-06,30062,1,Reliable
6.57631056,98.7774,0.0049974,14.07399928,0.00037446,5.95e-06,30062,1,Reliable
5.609678400000001,98.7774,0.00499851,14.07400068,0.00035119892,5.55e-06,30062,1,Reliable
1.69903608,98.7774,0.00499897,14.07400452,0.00036033579,5.71e-06,30062,1,Reliable
9.81003408,98.7774,0.00499913,14.07400515,0.00035764817,5.66e-06,30062,1,Reliable
47.78319168,98.7774,0.00500008,14.0740104,0.00034678946,5.48e-06,30062,1,Reliable
14.06461368,98.7776,0.00500535,14.07402715,0.00023241688,3.53e-06,30062,1,Reliable
9.96385656,98.7777,0.00500681,14.07403167,0.00020250433,3.02e-06,30062,1,Reliable
13.94366928,98.7777,0.00500719,14.07403389,0.0001749601,2.55e-06,30062,1,Reliable
8.3205,98.7778,0.00500833,14.07403796,0.00015257837,2.17e-06,30062,1,Reliable
8.241247679999999,98.7778,0.00500855,14.0740393,0.00013270102,1.83e-06,30062,1,Reliable
7.31081256,98.7778,0.00500915,14.07404094,0.00012033376,1.62e-06,30062,1,Reliable
5.39464536,98.7779,0.0050093,14.07404293,0.00011529,1.54e-06,30062,1,Reliable
4.56018408,98.7779,0.0050095,14.07404381,0.00010951,1.44e-06,30062,1,Reliable
6.620142,98.7779,0.0050096,14.07404416,9.8252718e-05,1.25e-06,30062,1,Reliable
9.019926,98.7779,0.00501,14.07404495,9.2717e-05,1.15e-06,30062,1,Reliable
5.14082784,98.778,0.00500987,14.07404686,9.1461367e-05,1.13e-06,30062,1,Reliable
3.13678776,98.778,0.0050098,14.07404825,9.3353e-05,1.16e-06,30062,1,Reliable
6.58865568,98.778,0.00501024,14.07404824,8.8668956e-05,1.08e-06,30062,1,Reliable
5.64392856,98.778,0.00501057,14.07405007,9.6511782e-05,1.22e-06,30062,1,Reliable
8.51726664,98.778,0.0050108,14.07405021,9.0037e-05,1.11e-06,30062,1,Reliable
3.10539528,98.778,0.0050106,14.07405114,9.0304e-05,1.11e-06,30062,1,Reliable
12.44880168,98.778,0.0050107,14.07405143,8.9724e-05,1.1e-06,30062,1,Reliable
6.87869136,98.7781,0.0050109,14.07405314,9.8751e-05,1.26e-06,30062,1,Reliable
2.90371848,98.7781,0.0050106,14.07405387,0.00010469,1.36e-06,30062,1,Reliable
1.65507576,98.7781,0.00501065,14.07405429,0.00010604005,1.38e-06,30062,1,Reliable
6.62084304,98.7781,0.0050105,14.07405458,0.00010889,1.43e-06,30062,1,Reliable
5.78254944,98.7781,0.00501057,14.07405548,0.00011540764,1.54e-06,30062,1,Reliable
1.54820664,98.7782,0.0050104,14.07405649,0.00012205,1.65e-06,30062,1,Reliable
9.93302256,98.7782,0.0050105,14.07405695,0.00012544,1.71e-06,30062,1,Reliable
13.940058,98.7782,0.00501009,14.07405893,0.00014058314,1.97e-06,30062,1,Reliable
1.71621888,98.7782,0.0050097,14.07406084,0.00015223,2.17e-06,30062,1,Reliable
8.28426336,98.7782,0.00500959,14.07406116,0.00015487652,2.21e-06,30062,1,Reliable
23.88270336,98.7782,0.0050089,14.07406311,0.00016827,2.44e-06,30062,1,Reliable
8.28719448,98.7782,0.00500797,14.07407058,0.00021677412,3.26e-06,30062,1,Reliable
5.60357184,98.7783,0.00500763,14.07407346,0.00023193536,3.52e-06,30062,1,Reliable
1.69962648,98.7783,0.0050075,14.07407503,0.0002351,3.58e-06,30062,1,Reliable
3.6920328,98.7783,0.00500743,14.07407554,0.00023728431,3.61e-06,30062,1,Reliable
4.44309696,98.7783,0.0050072,14.07407668,0.00024217,3.7e-06,30062,1,Reliable
1.88467224,98.7783,0.00500684,14.07407902,0.00025582746,3.93e-06,30062,1,Reliable
6.56338656,98.7783,0.0050069,14.07407957,0.0002571,3.95e-06,30062,1,Reliable
5.64161784,98.7783,0.00500662,14.07408151,0.00026198804,4.03e-06,30062,1,Reliable
5.35397784,98.7783,0.00500632,14.07408299,0.00025933182,3.99e-06,30062,1,Reliable
6.10684776,98.7783,0.0050059,14.07408473,0.00026388,4.07e-06,30062,1,Reliable
6.78456672,98.7783,0.0050053,14.07408836,0.00028153,4.37e-06,30062,1,Reliable
3.93208752,98.7784,0.00500513,14.07409088,0.00028829832,4.48e-06,30062,1,Reliable
3.37792176,98.7784,0.005005,14.07409204,0.00028368768,4.4e-06,30062,1,Reliable
9.791368080000002,98.7784,0.00500473,14.07409304,0.00028258271,4.38e-06,30062,1,Reliable
10.910742,98.7784,0.00500391,14.07409736,0.00029266299,4.55e-06,30062,1,Reliable
11.45550864,98.7784,0.00500288,14.07410142,0.00029124653,4.53e-06,30062,1,Reliable
1.49888544,98.7784,0.00500162,14.07410605,0.00028985634,4.51e-06,30062,1,Reliable
12.43440048,98.7784,0.00500154,14.0741065,0.00028744167,4.47e-06,30062,1,Reliable
1.6675113600000002,98.7785,0.00500049,14.0741125,0.0002917968,4.54e-06,30062,1,Reliable
9.82194792,98.7785,0.00500057,14.07411297,0.00028947201,4.5e-06,30062,1,Reliable
6.767450879999999,98.7785,0.0049994,14.07411684,0.00028402,4.41e-06,30062,1,Reliable
24.15261384,98.7786,0.0049985,14.07412119,0.00029454975,4.59e-06,30062,1,Reliable
8.65410312,98.7787,0.00499561,14.07412848,0.0002516485,3.86e-06,30062,1,Reliable
6.66486816,98.7788,0.00499463,14.0741307,0.00023118746,3.51e-06,30062,1,Reliable
8.565722639999999,98.7787,0.00499374,14.07413427,0.00023520055,3.58e-06,30062,1,Reliable
7.03767792,98.7788,0.00499252,14.07413788,0.00023146018,3.51e-06,30062,1,Reliable
16.58247072,98.7788,0.00499164,14.0741396,0.00021748092,3.28e-06,30062,1,Reliable
4.16240088,98.7788,0.00498854,14.07414464,0.00019821904,2.95e-06,30062,1,Reliable
19.9863948,98.7788,0.00498787,14.07414602,0.00019461355,2.89e-06,30062,1,Reliable
5.51883744,98.7789,0.00498467,14.07415119,0.00017648526,2.58e-06,30062,1,Reliable
6.924686400000001,98.7789,0.00498378,14.07415312,0.00017585361,2.57e-06,30062,1,Reliable
11.44120512,98.7789,0.00498191,14.0741549,0.00017430244,2.54e-06,30062,1,Reliable
5.51949456,98.779,0.00497963,14.07415887,0.00017921086,2.62e-06,30062,1,Reliable
6.92968992,98.7789,0.00497895,14.07416057,0.00018033895,2.64e-06,30062,1,Reliable
11.18054184,98.7789,0.00497736,14.07416229,0.00018209288,2.67e-06,30062,1,Reliable
5.780687520000001,98.7789,0.00497444,14.07416693,0.0001998748,2.97e-06,30062,1,Reliable
18.3565236,98.779,0.00497379,14.07416902,0.00020574943,3.07e-06,30062,1,Reliable
16.85216832,98.779,0.00497,14.07417494,0.0002336,3.55e-06,30062,1,Reliable
7.03113696,98.779,0.0049663,14.07417985,0.00024536884,3.75e-06,30062,1,Reliable
5.53324512,98.779,0.00496492,14.07418381,0.00027265497,4.21e-06,30062,1,Reliable
8.383122,98.779,0.00496368,14.0741862,0.00028200913,4.37e-06,30062,1,Reliable
3.14522064,98.779,0.0049617,14.07418883,0.00029241,4.55e-06,30062,1,Reliable
6.82121736,98.779,0.0049611,14.07419029,0.00029768,4.64e-06,30062,1,Reliable
5.539559039999999,98.779,0.00495974,14.07418981,0.00027925574,4.32e-06,30062,1,Reliable
11.35618488,98.779,0.0049588,14.07419323,0.000301,4.69e-06,30062,1,Reliable
6.747367199999999,98.779,0.0049568,14.07419803,0.00031494,4.93e-06,30062,1,Reliable
5.78620872,98.7791,0.00495422,14.07420119,0.00032507785,5.1e-06,30062,1,Reliable
6.920770320000001,98.7791,0.00495361,14.07420383,0.0003366366,5.3e-06,30062,1,Reliable
4.58794368,98.7791,0.0049525,14.07420682,0.00034636,5.47e-06,30062,1,Reliable
6.82440984,98.7791,0.0049517,14.07420751,0.00033289,5.24e-06,30062,1,Reliable
7.0839024,98.7791,0.0049494,14.07421144,0.00034328361,5.41e-06,30062,1,Reliable
1.6900992,98.7791,0.00494781,14.07421442,0.00034628801,5.46e-06,30062,1,Reliable
8.09089608,98.7791,0.0049475,14.07421518,0.00034774,5.49e-06,30062,1,Reliable
1.93654752,98.7791,0.00494539,14.07421788,0.00033854664,5.33e-06,30062,1,Reliable
12.18267744,98.7791,0.00494489,14.07421871,0.00033835022,5.33e-06,30062,1,Reliable
8.520607440000001,98.7792,0.00494209,14.07422484,0.00034365827,5.42e-06,30062,1,Reliable
3.17688864,98.7792,0.00494003,14.07422737,0.00032872845,5.17e-06,30062,1,Reliable
5.0811588,98.7791,0.0049392,14.07422873,0.00032613,5.12e-06,30062,1,Reliable
5.5750512,98.7792,0.00493801,14.07423083,0.00032279853,5.06e-06,30062,1,Reliable
3.26547888,98.7792,0.0049368,14.07423329,0.00031822287,4.99e-06,30062,1,Reliable
9.7607748,98.7792,0.00493658,14.0742352,0.00032186064,5.05e-06,30062,1,Reliable
14.0915268,98.7792,0.00493356,14.07423905,0.00030701732,4.8e-06,30062,1,Reliable
9.80150592,98.7793,0.00493045,14.07424449,0.00028646115,4.45e-06,30062,1,Reliable
30.64675992,98.7793,0.00492699,14.07424801,0.00026976681,4.16e-06,30062,1,Reliable
4.10811072,98.7794,0.00492372,14.07425806,0.0002165495,3.26e-06,30062,1,Reliable
10.04329272,98.7794,0.0049233,14.07425966,0.00021116,3.16e-06,30062,1,Reliable
2.97792912,98.7794,0.0049195,14.07426193,0.00019067,2.82e-06,30062,1,Reliable
6.76929528,98.7794,0.0049168,14.07426223,0.00018221,2.67e-06,30062,1,Reliable
5.640406319999999,98.7795,0.00491568,14.07426415,0.00017607384,2.57e-06,30062,1,Reliable
1.65708624,98.7795,0.00491459,14.07426659,0.00017633126,2.57e-06,30062,1,Reliable
9.79282368,98.7795,0.004914,14.07426694,0.00017386,2.53e-06,30062,1,Reliable
7.04891064,98.7795,0.0049111,14.07426866,0.00015505,2.21e-06,30062,1,Reliable
5.37123816,98.7795,0.00490867,14.07427055,0.00015216644,2.16e-06,30062,1,Reliable
1.69925472,98.7795,0.0049075,14.07427151,0.00014215,1.99e-06,30062,1,Reliable
11.967576,98.318,0.02004382,14.62837338,0.0018367417,0.00012506,30169,1,Reliable
24.6038352,98.318,0.02003168,14.62851859,0.0019786841,0.00013479,30169,1,Reliable
11.19875112,98.318,0.0200177,14.62877686,0.0017538,0.00011941,30169,1,Reliable
36.40169184,98.3181,0.0200106,14.62890001,0.0017551,0.00011951,30169,1,Reliable
9.58667928,98.318,0.01997274,14.62925347,0.001700028,0.00011571,30169,1,Reliable
24.60084624,98.3179,0.01996669,14.62932622,0.0014456612,9.828e-05,30169,1,Reliable
13.41604296,98.3181,0.0199431,14.629605,0.0021547,0.00014687,30169,1,Reliable
11.19598176,98.3172,0.01994459,14.62971877,0.0018095642,0.00012325,30169,1,Reliable
13.4007744,98.3168,0.0199509,14.62980974,0.0014647,9.965e-05,30169,1,Reliable
9.60170784,98.3166,0.0199274,14.62992242,0.0014336,9.749e-05,30169,1,Reliable
1.63154592,98.3179,0.0199131,14.63000322,0.001527,0.00010386,30169,1,Reliable
22.99988784,98.3175,0.01992934,14.62998168,0.0011018773,7.478e-05,30169,1,Reliable
13.39914192,98.3178,0.01991633,14.63014023,0.0011385126,7.729e-05,30169,1,Reliable
1.62851376,98.3178,0.01990806,14.63023458,0.0012002082,8.151e-05,30169,1,Reliable
9.53979336,98.318,0.0199051,14.63025689,0.0012903,8.768e-05,30169,1,Reliable
6.60842712,98.3181,0.01990114,14.63032203,0.0012119155,8.231e-05,30169,1,Reliable
18.03779712,98.3181,0.01989645,14.63035735,0.0011395567,7.735e-05,30169,1,Reliable
6.378843839999999,98.3184,0.01988506,14.63046072,0.00098003379,6.642e-05,30169,1,Reliable
7.018428,98.3185,0.0198825,14.63049987,0.00097675,6.62e-05,30169,1,Reliable
9.566267519999998,98.3185,0.01987807,14.6305664,0.0011248775,7.634e-05,30169,1,Reliable
15.06139008,98.3185,0.01987225,14.63062732,0.0011224073,7.617e-05,30169,1,Reliable
5.184418320000001,98.3188,0.019862,14.63076779,0.0013844,9.412e-05,30169,1,Reliable
10.75562496,98.3188,0.01985935,14.63079516,0.0013104451,8.905e-05,30169,1,Reliable
18.2969448,98.3189,0.01985267,14.63087602,0.0012439003,8.45e-05,30169,1,Reliable
6.32124096,98.3189,0.01984208,14.63101849,0.0012280248,8.341e-05,30169,1,Reliable
12.23856576,98.319,0.01984256,14.63105662,0.0011754884,7.982e-05,30169,1,Reliable
4.37977848,98.319,0.01983526,14.63113799,0.0011547608,7.84e-05,30169,1,Reliable
13.4120268,98.3189,0.01983443,14.6311473,0.00095670536,6.483e-05,30169,1,Reliable
11.18086968,98.3188,0.0198265,14.63123319,0.00097466345,6.606e-05,30169,1,Reliable
6.62226888,98.3187,0.0198212,14.63128871,0.00092599,6.273e-05,30169,1,Reliable
6.82148976,98.3186,0.0198182,14.63132372,0.00094145,6.378e-05,30169,1,Reliable
5.19202368,98.3186,0.0198148,14.6313546,0.00090727,6.144e-05,30169,1,Reliable
4.39083096,98.3184,0.019811,14.63138293,0.00095014,6.437e-05,30169,1,Reliable
24.46034112,98.3184,0.01980903,14.63139627,0.00085068938,5.756e-05,30169,1,Reliable
15.19186872,98.3181,0.01979518,14.63152161,0.00091202577,6.175e-05,30169,1,Reliable
3.5430936,98.3178,0.0197847,14.6315776,0.00076961,5.2e-05,30169,1,Reliable
5.86470696,98.318,0.01978403,14.63159696,0.00082378959,5.571e-05,30169,1,Reliable
6.52712088,98.318,0.0197815,14.6316286,0.00084394,5.708e-05,30169,1,Reliable
7.050165120000001,98.3179,0.01977949,14.63165756,0.00086274156,5.837e-05,30169,1,Reliable
9.42388704,98.3178,0.0197768,14.63168514,0.00082948815,5.609e-05,30169,1,Reliable
61.27764624,98.3178,0.01977201,14.6317309,0.00085566529,5.788e-05,30169,1,Reliable
22.995653280000003,98.3178,0.01974303,14.63199934,0.00074611857,5.037e-05,30169,1,Reliable
12.69279432,98.318,0.01973225,14.63210293,0.00076751566,5.183e-05,30169,1,Reliable
22.9580028,98.3182,0.0197266,14.63217818,0.00086410972,5.844e-05,30169,1,Reliable
13.57035192,98.3185,0.0197161,14.63235138,0.001206,8.185e-05,30169,1,Reliable
11.032002,98.3187,0.0197099,14.63245345,0.0013317,9.047e-05,30169,1,Reliable
6.6101944800000005,98.319,0.01970447,14.63251609,0.0011773805,7.99e-05,30169,1,Reliable
5.34291,98.3191,0.01970023,14.63255629,0.0011186179,7.588e-05,30169,1,Reliable
6.6794064,98.319,0.0196991,14.63257946,0.00097391,6.597e-05,30169,1,Reliable
6.01045128,98.3187,0.01969903,14.6326252,0.0010114914,6.855e-05,30169,1,Reliable
13.41472704,98.3188,0.01969702,14.63266876,0.001040311,7.053e-05,30169,1,Reliable
5.205599759999999,98.3188,0.0196932,14.63273803,0.00095776,6.488e-05,30169,1,Reliable
4.35113592,98.3188,0.01969059,14.6327629,0.00095876992,6.494e-05,30169,1,Reliable
49.26101496,98.3189,0.0196892,14.63278984,0.00097004,6.572e-05,30169,1,Reliable
11.8963644,98.3187,0.01967241,14.63303213,0.00084711694,5.731e-05,30169,1,Reliable
6.68746008,98.3186,0.0196689,14.63311105,0.0010036,6.803e-05,30169,1,Reliable
1.37008944,98.3185,0.01966638,14.63316598,0.0011385899,7.728e-05,30169,1,Reliable
27.6543324,98.3186,0.01966605,14.63317594,0.0011519003,7.819e-05,30169,1,Reliable
11.88181632,98.3184,0.01965817,14.63336254,0.0012456806,8.464e-05,30169,1,Reliable
35.531318160000005,98.3183,0.01965303,14.6334348,0.0011621765,7.892e-05,30169,1,Reliable
18.74548008,98.318,0.01964699,14.63368923,0.0015127904,0.000103,30169,1,Reliable
19.44929376,98.3179,0.0196379,14.63397706,0.0023496,0.00016052,30169,1,Reliable
9.39800856,98.3175,0.0196336,14.63413948,0.001631,0.00011119,30169,1,Reliable
24.6060888,98.3177,0.01963028,14.63417091,0.001138744,7.74e-05,30169,1,Reliable
13.57368936,98.3176,0.0196251,14.63428219,0.00073099,4.944e-05,30169,1,Reliable
11.01667248,98.3176,0.0196213,14.63433572,0.00069687,4.71e-05,30169,1,Reliable
13.56698568,98.3178,0.01962102,14.63437116,0.00062214384,4.198e-05,30169,1,Reliable
9.4363788,98.3178,0.01961701,14.63444418,0.00077433661,5.242e-05,30169,1,Reliable
24.60131664,98.3178,0.01961709,14.63448627,0.00079855776,5.408e-05,30169,1,Reliable
22.98356064,98.3182,0.01961179,14.63460444,0.00081051351,5.491e-05,30169,1,Reliable
15.20074224,98.3185,0.0196092,14.63468434,0.00065398,4.418e-05,30169,1,Reliable
9.41253384,98.3186,0.01960919,14.63474575,0.00066188702,4.473e-05,30169,1,Reliable
13.557918,98.3187,0.0196061,14.63478052,0.00066734,4.51e-05,30169,1,Reliable
11.04525816,98.3186,0.0196044,14.63483392,0.00067755,4.58e-05,30169,1,Reliable
13.58568216,98.3186,0.0196016,14.63487467,0.00066871,4.52e-05,30169,1,Reliable
9.40047336,98.3186,0.0196032,14.63492041,0.00064481,4.357e-05,30169,1,Reliable
8.13546912,98.3186,0.0196044,14.63495808,0.00066465,4.493e-05,30169,1,Reliable
7.0638972,98.3185,0.0196015,14.63498262,0.00062631781,4.23e-05,30169,1,Reliable
9.52993848,98.3185,0.01960322,14.63500479,0.00060716078,4.099e-05,30169,1,Reliable
15.07533,98.3184,0.0196023,14.63503288,0.00058108181,3.92e-05,30169,1,Reliable
9.39428088,98.3182,0.01960225,14.63509571,0.00064156418,4.336e-05,30169,1,Reliable
12.08511,98.3181,0.01960167,14.63510639,0.00054001095,3.639e-05,30169,1,Reliable
10.91493216,98.318,0.0196005,14.63515619,0.00058686,3.961e-05,30169,1,Reliable
12.07617,98.3178,0.0196019,14.6351847,0.00055423,3.737e-05,30169,1,Reliable
3.11498184,98.3178,0.01960269,14.63521971,0.00053784068,3.625e-05,30169,1,Reliable
9.4089048,98.3177,0.01960255,14.63522978,0.00054189854,3.653e-05,30169,1,Reliable
13.55236008,98.3176,0.01960355,14.63525901,0.00054530967,3.677e-05,30169,1,Reliable
9.42934584,98.3176,0.0196066,14.63530101,0.00053998,3.641e-05,30169,1,Reliable
12.129225839999998,98.3174,0.01960631,14.63533172,0.00056086199,3.785e-05,30169,1,Reliable
3.0918595200000003,98.3173,0.01960483,14.63536509,0.00053944457,3.638e-05,30169,1,Reliable
9.3918588,98.3173,0.0196052,14.63537414,0.0005395,3.638e-05,30169,1,Reliable
6.71745192,98.3173,0.01960492,14.63540237,0.00055869353,3.77e-05,30169,1,Reliable
6.827639039999999,98.3172,0.01960716,14.63542324,0.00057215981,3.863e-05,30169,1,Reliable
11.18826408,98.3171,0.019607,14.63545391,0.00062493272,4.226e-05,30169,1,Reliable
20.03184648,98.3171,0.01960812,14.63552021,0.00081290411,5.52e-05,30169,1,Reliable
9.55444968,98.3173,0.01960708,14.63566105,0.0011623791,7.926e-05,30169,1,Reliable
7.00471032,98.3174,0.01960651,14.63570705,0.0011297695,7.702e-05,30169,1,Reliable
10.8792108,98.3173,0.0196078,14.63574619,0.0011814568,8.059e-05,30169,1,Reliable
6.7422204,98.3173,0.01960763,14.63580658,0.0011040102,7.527e-05,30169,1,Reliable
5.32758192,98.3173,0.01960903,14.63584758,0.001088099,7.419e-05,30169,1,Reliable
12.67662984,98.3173,0.0196091,14.63589045,0.0011196423,7.637e-05,30169,1,Reliable
22.84200144,98.3174,0.01960676,14.63602472,0.0014488594,9.907e-05,30169,1,Reliable
24.60181536,98.3177,0.01960885,14.63618438,0.0014015443,9.586e-05,30169,1,Reliable
6.72388032,98.3178,0.01960991,14.63633786,0.0012212296,8.346e-05,30169,1,Reliable
16.24101552,98.3179,0.01961163,14.63638354,0.0012493301,8.542e-05,30169,1,Reliable
24.73220568,98.3179,0.01961476,14.63648997,0.001274574,8.719e-05,30169,1,Reliable
11.95179936,98.3179,0.0196182,14.63667831,0.0014417,9.878e-05,30169,1,Reliable
12.662268,98.3179,0.01962146,14.63676656,0.0014177253,9.715e-05,30169,1,Reliable
11.93429256,98.3178,0.01962268,14.63686718,0.0014114236,9.675e-05,30169,1,Reliable
11.05647,98.3178,0.01962154,14.63697607,0.0014878058,0.00010205,30169,1,Reliable
15.06924336,98.3176,0.01962159,14.63705514,0.0014060863,9.642e-05,30169,1,Reliable
9.39849192,98.3173,0.019624,14.63717949,0.0014598,0.00010017,30169,1,Reliable
13.54902504,98.3172,0.01962602,14.63723151,0.0012380345,8.486e-05,30169,1,Reliable
11.21344512,98.3169,0.01962665,14.63735602,0.0014035813,9.634e-05,30169,1,Reliable
11.76234912,98.3167,0.019626,14.63743208,0.0012986928,8.91e-05,30169,1,Reliable
11.05626912,98.3167,0.01962897,14.6375316,0.0014335847,9.846e-05,30169,1,Reliable
8.12609472,98.3165,0.01962912,14.63761398,0.001456822,0.00010009,30169,1,Reliable
5.43581472,98.3164,0.01963403,14.6376553,0.0013019245,8.939e-05,30169,1,Reliable
17.5306632,98.3163,0.01963358,14.63772907,0.0015582626,0.00010716,30169,1,Reliable
7.077784080000001,98.316,0.01963734,14.63785791,0.0014614128,0.0001005,30169,1,Reliable
34.134096,98.316,0.01963729,14.6379338,0.00153612,0.0001057,30169,1,Reliable
24.60917424,98.316,0.01964168,14.63821316,0.0012183152,8.374e-05,30169,1,Reliable
13.45101624,98.316,0.01964878,14.63834957,0.00081250131,5.565e-05,30169,1,Reliable
11.219676,98.3161,0.01964897,14.63841404,0.00085874852,5.886e-05,30169,1,Reliable
11.77257672,98.3162,0.01965141,14.63846239,0.00081728427,5.6e-05,30169,1,Reliable
1.62152352,98.3166,0.019659,14.63851391,0.00085123,5.838e-05,30169,1,Reliable
5.13560832,98.3166,0.019658,14.6385259,0.00088522,6.073e-05,30169,1,Reliable
4.37209368,98.3165,0.01965598,14.63854939,0.00088257378,6.055e-05,30169,1,Reliable
24.63131784,98.3165,0.01965769,14.63856053,0.00078161178,5.355e-05,30169,1,Reliable
13.40169936,98.3168,0.01966085,14.63873875,0.0011681688,8.042e-05,30169,1,Reliable
23.13567216,98.3169,0.0196644,14.63881349,0.0011328,7.799e-05,30169,1,Reliable
11.01600936,98.317,0.01966879,14.63893782,0.00088370118,6.071e-05,30169,1,Reliable
13.42376016,98.317,0.0196736,14.63898602,0.00077304373,5.304e-05,30169,1,Reliable
11.19888816,98.317,0.01967616,14.63905118,0.0008285871,5.692e-05,30169,1,Reliable
6.34580304,98.3169,0.0196792,14.63909042,0.00071542,4.906e-05,30169,1,Reliable
16.4853072,98.3167,0.01968285,14.6391217,0.00076449942,5.248e-05,30169,1,Reliable
24.72429144,98.3166,0.01968697,14.63920617,0.00082834547,5.694e-05,30169,1,Reliable
6.6139836,98.3162,0.0196921,14.63934378,0.00098004,6.753e-05,30169,1,Reliable
6.8283624000000005,98.3162,0.0196928,14.63938222,0.0010245,7.063e-05,30169,1,Reliable
5.1412872,98.3161,0.0196944,14.63941692,0.0010144,6.994e-05,30169,1,Reliable
4.26227184,98.3161,0.01969523,14.63945725,0.0011121742,7.676e-05,30169,1,Reliable
1.8065016,98.3161,0.0196956,14.63948528,0.0011359,7.842e-05,30169,1,Reliable
11.87668776,98.316,0.01969527,14.63947776,0.001009673,6.962e-05,30169,1,Reliable
10.92295008,98.3158,0.01969749,14.63954134,0.0010100276,6.966e-05,30169,1,Reliable
12.04954248,98.3157,0.01969839,14.63962,0.0011162359,7.708e-05,30169,1,Reliable
1.5230539200000002,98.3152,0.01970221,14.63970079,0.001186301,8.199e-05,30169,1,Reliable
11.15493024,98.3151,0.01970326,14.63969802,0.001113531,7.692e-05,30169,1,Reliable
22.84546392,98.3151,0.01970476,14.63977469,0.0011730047,8.109e-05,30169,1,Reliable
15.18541464,98.315,0.01970754,14.63994693,0.0014409362,9.983e-05,30169,1,Reliable
9.41443368,98.3151,0.01970959,14.64007934,0.0015759084,0.00010929,30169,1,Reliable
18.70158624,98.3151,0.01970919,14.64018478,0.0018091842,0.00012562,30169,1,Reliable
4.24682736,98.3151,0.01971147,14.64034308,0.0016582511,0.00011513,30169,1,Reliable
15.19862784,98.3151,0.01971038,14.64038367,0.0016618934,0.00011539,30169,1,Reliable
9.60592992,98.315,0.01971114,14.64051029,0.0015206697,0.00010556,30169,1,Reliable
13.40177616,98.3151,0.01971047,14.6406165,0.0016756032,0.00011642,30169,1,Reliable
11.13967056,98.3153,0.01970859,14.64073237,0.0016118961,0.00011199,30169,1,Reliable
22.8432636,98.3155,0.0197082,14.64083477,0.0015244631,0.0001059,30169,1,Reliable
24.60743736,98.3156,0.01970997,14.64105071,0.0015627341,0.00010864,30169,1,Reliable
24.58856832,98.3158,0.01970615,14.6413026,0.0017690217,0.00012315,30169,1,Reliable
23.11120392,98.3162,0.01970236,14.64158247,0.0018436549,0.00012846,30169,1,Reliable
24.57681144,98.3163,0.0196939,14.64183769,0.0018248,0.00012719,30169,1,Reliable
11.93041824,98.3163,0.0196883,14.64213478,0.0020984,0.00014647,30169,1,Reliable
24.58086312,98.3163,0.01968427,14.64227232,0.0021650267,0.00015118,30169,1,Reliable
22.98899424,98.3154,0.01967366,14.64253202,0.0018992433,0.00013257,30169,1,Reliable
12.66451992,98.3148,0.01966726,14.64290217,0.0026380661,0.00018462,30169,1,Reliable
13.40723784,98.315,0.01965927,14.64307945,0.0023778508,0.00016635,30169,1,Reliable
5.166031680000001,98.3148,0.0196582,14.64328545,0.002267,0.00015863,30169,1,Reliable
6.05395776,98.3148,0.01965539,14.64334434,0.0020788174,0.0001454,30169,1,Reliable
6.33943608,98.3147,0.01965212,14.64342162,0.0019775264,0.00013829,30169,1,Reliable
7.04194152,98.3146,0.01964934,14.64350125,0.0019912131,0.00013927,30169,1,Reliable
5.159976240000001,98.3143,0.0196476,14.64359423,0.001987,0.00013899,30169,1,Reliable
16.36184352,98.3143,0.01964717,14.64364033,0.0018232445,0.00012749,30169,1,Reliable
18.9939072,98.314,0.01963945,14.64381237,0.0016123025,0.00011267,30169,1,Reliable
16.45377264,98.3139,0.01962998,14.64400201,0.0014446772,0.0001009,30169,1,Reliable
8.142894,98.314,0.01961937,14.64415394,0.0013647484,9.528e-05,30169,1,Reliable
16.47824088,98.314,0.019617,14.6442224,0.001405172,9.814e-05,30169,1,Reliable
24.58220328,98.3141,0.01961059,14.64437771,0.0014862701,0.00010387,30169,1,Reliable
18.68666256,98.3142,0.01960097,14.64455404,0.0011601107,8.093e-05,30169,1,Reliable
4.28453328,98.3145,0.01958863,14.64467959,0.0011351322,7.917e-05,30169,1,Reliable
15.16239936,98.3144,0.0195912,14.64470572,0.001121163,7.82e-05,30169,1,Reliable
11.54806848,98.6944,0.0027663,14.55633023,0.0012985,5.65e-05,30740,1,Reliable
24.74574288,98.6944,0.00277918,14.5563795,0.0013582628,5.914e-05,30740,1,Reliable
47.84121696,98.6939,0.00279065,14.55649392,0.0013707142,5.97e-05,30740,1,Reliable
31.343858160000003,98.6936,0.00280269,14.55670995,0.0012155219,5.291e-05,30740,1,Reliable
47.8398528,98.6936,0.00281,14.55686361,0.0013057393,5.69e-05,30740,1,Reliable
4.94888112,98.6939,0.0028337,14.5572139,0.0021241,9.3e-05,30740,1,Reliable
47.83862904,98.6943,0.0028376,14.55725208,0.0021297276,9.326e-05,30740,1,Reliable
6.59835192,98.6949,0.002856,14.55756111,0.0017355,7.594e-05,30740,1,Reliable
41.239314,98.6949,0.00285987,14.55760536,0.0017873971,7.824e-05,30740,1,Reliable
36.29000568,98.6954,0.00287784,14.55785108,0.0017065006,7.471e-05,30740,1,Reliable
11.54668896,98.6957,0.0029059,14.5581289,0.0025346886,0.00011136,30740,1,Reliable
6.59807064,98.6957,0.00290351,14.55819723,0.0022671024,9.955e-05,30740,1,Reliable
41.2375248,98.6956,0.00290688,14.55825151,0.0023501957,0.00010324,30740,1,Reliable
24.74200536,98.6956,0.00291877,14.55852625,0.0021696231,9.531e-05,30740,1,Reliable
11.54611344,98.6954,0.00292465,14.55887916,0.0040658317,0.00017943,30740,1,Reliable
47.83327368,98.6944,0.00295379,14.55894596,0.0033038943,0.00014567,30740,0,Not Reliable
47.83259136,98.6946,0.00297786,14.55917314,0.00125069,5.478e-05,30740,1,Reliable
24.74072976,98.6922,0.00298636,14.55938093,0.0012522075,5.488e-05,30740,1,Reliable
23.09119488,98.6926,0.00299646,14.5594873,0.0012012031,5.263e-05,30740,1,Reliable
24.74041896,98.6921,0.0030077,14.55956949,0.00099446,4.349e-05,30740,1,Reliable
47.83101456,98.6925,0.00301915,14.55966033,0.00098007811,4.286e-05,30740,1,Reliable
47.83050408,98.6925,0.0030866,14.55983399,0.00095015652,4.157e-05,30740,1,Reliable
36.28486344,98.6943,0.00310386,14.55999228,0.00085111221,3.719e-05,30740,1,Reliable
11.5451124,98.6957,0.00308277,14.56011777,0.00087209003,3.813e-05,30740,1,Reliable
36.28445712,98.696,0.00308721,14.5601571,0.00087332635,3.819e-05,30740,1,Reliable
11.54499576,98.6957,0.0031025,14.56027944,0.00089002,3.894e-05,30740,1,Reliable
24.73913064,98.6957,0.0031036,14.56032583,0.00097735913,4.282e-05,30740,1,Reliable
11.54482728,98.6952,0.0031109,14.56045886,0.0013702767,6.028e-05,30740,1,Reliable
36.28334184,98.6953,0.00311339,14.56055332,0.0017262813,7.611e-05,30740,1,Reliable
47.82692256,98.6953,0.00312046,14.560798,0.001881231,8.304e-05,30740,1,Reliable
11.5442472,98.6952,0.00312649,14.56118708,0.0019075626,8.428e-05,30740,1,Reliable
36.2814984,98.6953,0.00312869,14.56127692,0.0019135172,8.457e-05,30740,1,Reliable
36.28082736,98.6955,0.0031325,14.56154189,0.0020304,8.982e-05,30740,1,Reliable
6.596430720000001,98.6957,0.00313478,14.56181926,0.0021017664,9.306e-05,30740,1,Reliable
29.68365408,98.6958,0.0031355,14.56187294,0.0021254,9.412e-05,30740,1,Reliable
47.82276456,98.696,0.00313399,14.56209178,0.0018464773,8.173e-05,30740,1,Reliable
36.27868968,98.6962,0.00313241,14.56242236,0.0017101104,7.57e-05,30740,1,Reliable
59.36381136000001,98.6957,0.00312914,14.56263625,0.0016155365,7.151e-05,30740,1,Reliable
24.73456392,98.6957,0.00312354,14.56300643,0.0012499457,5.525e-05,30740,1,Reliable
11.542752,98.6957,0.00311952,14.56309597,0.00092732429,4.085e-05,30740,1,Reliable
47.81965104,98.6954,0.00312632,14.56313853,0.00090219133,3.974e-05,30740,1,Reliable
24.73406256,98.6952,0.0031252,14.563283,0.00087896,3.871e-05,30740,1,Reliable
6.5957124,98.6954,0.003123,14.56338632,0.00099426,4.387e-05,30740,1,Reliable
4.9467756,98.6958,0.0031194,14.5634117,0.00097899,4.319e-05,30740,1,Reliable
11.54248056,98.6961,0.0031145,14.56342965,0.00094034,4.146e-05,30740,1,Reliable
24.73378368,98.6962,0.00311138,14.56346056,0.00081977467,3.608e-05,30740,1,Reliable
6.59565936,98.6963,0.0031053,14.56353784,0.00079398,3.493e-05,30740,1,Reliable
4.9467408,98.6964,0.0031035,14.56355793,0.00081923,3.606e-05,30740,1,Reliable
36.27593832,98.6965,0.00310324,14.56355849,0.00068759831,3.018e-05,30740,1,Reliable
47.81784,98.6969,0.00309275,14.56366795,0.00080999731,3.566e-05,30740,1,Reliable
11.54214672,98.6972,0.00308326,14.563825,0.00091459835,4.034e-05,30740,1,Reliable
24.73305936,98.6971,0.00307687,14.56387519,0.0010181772,4.498e-05,30740,1,Reliable
11.542032,98.6969,0.00306802,14.56397404,0.0011080458,4.9e-05,30740,1,Reliable
47.81641824,98.6967,0.00306627,14.56402152,0.0011291426,4.995e-05,30740,1,Reliable
36.273888,98.6962,0.0030445,14.56432003,0.0017034662,7.569e-05,30740,1,Reliable
47.81478888,98.696,0.0030254,14.56452809,0.0016279,7.233e-05,30740,1,Reliable
24.73143744,98.6963,0.00300929,14.56477606,0.0013702351,6.082e-05,30740,1,Reliable
11.54126304,98.6961,0.00299074,14.5649176,0.0014561766,6.469e-05,30740,1,Reliable
23.08178496,98.6975,0.0029408,14.56538105,0.0016426,7.31e-05,30740,1,Reliable
19.78419336,98.6976,0.00293708,14.56548027,0.0014708465,6.541e-05,30740,1,Reliable
4.946022480000001,98.6979,0.00292737,14.5656096,0.0017130502,7.63e-05,30740,1,Reliable
6.59468256,98.6978,0.00293115,14.56563161,0.0015974277,7.111e-05,30740,1,Reliable
41.21632848,98.698,0.00292967,14.56567229,0.0016412099,7.308e-05,30740,1,Reliable
54.40476312,98.6983,0.00291103,14.56590159,0.0012379928,5.501e-05,30740,1,Reliable
4.94584872,98.6969,0.0028876,14.56610434,0.00089543,3.965e-05,30740,1,Reliable
24.72915216,98.6965,0.00288448,14.56612415,0.00089619858,3.969e-05,30740,1,Reliable
13.53536568,99.1879,0.00867365,14.19303767,0.0019829371,4.276e-05,31041,1,Reliable
16.91887008,99.1881,0.0087112,14.19333136,0.001916364,4.135e-05,31041,1,Reliable
13.535052,99.1882,0.0087276,14.19337552,0.0017421,3.755e-05,31041,1,Reliable
10.15125672,99.1885,0.00873123,14.19344033,0.0021512195,4.649e-05,31041,1,Reliable
25.37805144,99.1886,0.00873499,14.19347686,0.002169948,4.691e-05,31041,1,Reliable
59.21492472,99.1888,0.0087528,14.19354878,0.0019237,4.154e-05,31041,1,Reliable
60.90606912,99.1893,0.0087838,14.19370526,0.0015057,3.243e-05,31041,1,Reliable
23.68546464,99.1897,0.00881049,14.1938889,0.0018007984,3.89e-05,31041,1,Reliable
11.84268288,99.1893,0.00881982,14.19395914,0.0016730353,3.611e-05,31041,1,Reliable
28.76069136,99.1892,0.00882403,14.19399819,0.0016926304,3.655e-05,31041,1,Reliable
6.76719936,99.189,0.00883401,14.19407416,0.0015022146,3.239e-05,31041,1,Reliable
11.84257992,99.189,0.00883718,14.19408768,0.0014158833,3.05e-05,31041,1,Reliable
11.84238888,99.1888,0.00886657,14.19430832,0.001299545,2.798e-05,31041,1,Reliable
11.84236608,99.1892,0.00886809,14.19433792,0.0013342616,2.874e-05,31041,1,Reliable
42.29397168,99.1887,0.00887236,14.19436484,0.0013380314,2.882e-05,31041,1,Reliable
37.21841568,99.1894,0.0088804,14.19445543,0.0012826517,2.762e-05,31041,1,Reliable
23.68429992,99.1896,0.0088853,14.19455183,0.0013861631,2.989e-05,31041,1,Reliable
28.75930128,99.1897,0.0088863,14.19461979,0.0014912542,3.22e-05,31041,1,Reliable
23.68398312,99.1899,0.0088872,14.19473354,0.001877,4.067e-05,31041,1,Reliable
8.45853072,99.1899,0.00888798,14.19480372,0.0017969248,3.892e-05,31041,1,Reliable
21.99208536,99.19,0.0088873,14.19483845,0.0019307,4.185e-05,31041,1,Reliable
65.97559632,99.1898,0.00888767,14.19491,0.0018167117,3.936e-05,31041,1,Reliable
8.45833584,99.1894,0.00888229,14.19510774,0.001697474,3.676e-05,31041,1,Reliable
38.90813064,99.1895,0.00887953,14.1951433,0.0019326301,4.192e-05,31041,1,Reliable
60.89878512,99.1893,0.00887569,14.1952768,0.0021423675,4.653e-05,31041,1,Reliable
11.841318,99.1896,0.0088546,14.19554602,0.0028822602,6.28e-05,31041,1,Reliable
11.841258,99.1897,0.0088552,14.19557164,0.0024624,5.358e-05,31041,1,Reliable
23.68208136,99.1907,0.00880824,14.19579868,0.0010556938,2.269e-05,31041,1,Reliable
23.68200336,99.1909,0.00880522,14.19583622,0.00090886562,1.947e-05,31041,1,Reliable
11.84096784,99.1911,0.00879665,14.1958778,0.00096681313,2.074e-05,31041,1,Reliable
18.60719856,99.1909,0.0087917,14.1958994,0.00098648558,2.117e-05,31041,1,Reliable
25.37336856,99.1908,0.00878523,14.19593076,0.00098970115,2.124e-05,31041,1,Reliable
40.59721824,99.1906,0.00877367,14.19597085,0.00090374691,1.936e-05,31041,1,Reliable
11.84081712,99.1906,0.00875037,14.19603411,0.00082577336,1.764e-05,31041,1,Reliable
11.84080152,99.1904,0.00874685,14.19605256,0.00081716075,1.746e-05,31041,1,Reliable
11.84078472,99.1904,0.00874057,14.19607056,0.00082584605,1.765e-05,31041,1,Reliable
11.840766960000002,99.1905,0.0087341,14.19608575,0.00079227831,1.691e-05,31041,1,Reliable
11.8407528,99.1906,0.00872909,14.19610494,0.00082653025,1.766e-05,31041,1,Reliable
60.89501832,99.1907,0.00872182,14.19611847,0.00077634805,1.656e-05,31041,1,Reliable
11.840630399999998,99.1911,0.00868489,14.1962257,0.0010292119,2.21e-05,31041,1,Reliable
11.84060136,99.191,0.00868138,14.19626296,0.0012603549,2.718e-05,31041,1,Reliable
11.84056896,99.1912,0.00867367,14.19630201,0.0014951863,3.233e-05,31041,1,Reliable
23.68105296,99.1915,0.00866627,14.19632087,0.0013692268,2.956e-05,31041,1,Reliable
20.297919120000003,99.1915,0.00865179,14.19638833,0.0014998352,3.243e-05,31041,1,Reliable
23.68082016,99.1915,0.00863876,14.19646676,0.0017483436,3.789e-05,31041,1,Reliable
16.914785520000002,99.1914,0.0086238,14.19652512,0.001593338,3.448e-05,31041,1,Reliable
11.84031312,99.1914,0.00861208,14.19658134,0.0016692913,3.615e-05,31041,1,Reliable
11.84028864,99.1914,0.00860351,14.19661732,0.0016783423,3.635e-05,31041,1,Reliable
11.84025552,99.1913,0.008597,14.19664556,0.0016049202,3.474e-05,31041,1,Reliable
23.68042536,99.1913,0.0085876,14.19667816,0.0016397079,3.55e-05,31041,1,Reliable
11.83998408,99.1906,0.00852775,14.19694467,0.0014284336,3.086e-05,31041,1,Reliable
23.67992856,99.1907,0.00851312,14.19697279,0.0013702557,2.958e-05,31041,1,Reliable
11.83993656,99.1907,0.00849729,14.19702542,0.0013665453,2.95e-05,31041,1,Reliable
20.29695864,99.1908,0.00849138,14.19704611,0.0012866461,2.774e-05,31041,1,Reliable
11.83986048,99.1912,0.00848328,14.19709425,0.001275909,2.751e-05,31041,1,Reliable
40.59364944,99.1913,0.00847533,14.19712052,0.0012565415,2.708e-05,31041,1,Reliable
8.456986559999999,99.1916,0.00845168,14.19719513,0.00098368359,2.11e-05,31041,1,Reliable
15.22255416,99.1916,0.00844633,14.19720513,0.00089083605,1.906e-05,31041,1,Reliable
11.8397484,99.1917,0.00843812,14.19723021,0.00083295542,1.779e-05,31041,1,Reliable
11.83973952,99.1918,0.00843241,14.19724587,0.00077937532,1.661e-05,31041,1,Reliable
11.83972656,99.1919,0.008426,14.1972618,0.00076288449,1.625e-05,31041,1,Reliable
55.815659280000006,99.1919,0.0084208,14.19727591,0.00074446,1.584e-05,31041,1,Reliable
11.83964976,99.192,0.0083919,14.19735358,0.0007769,1.655e-05,31041,1,Reliable
5.074132799999999,99.1921,0.0083841,14.19736663,0.00073684092,1.567e-05,31041,1,Reliable
18.60512544,99.192,0.00838224,14.19737169,0.00070856015,1.505e-05,31041,1,Reliable
5.07411984,99.1919,0.0083741,14.19739802,0.00072092474,1.532e-05,31041,1,Reliable
6.76549368,99.1919,0.0083722,14.19740516,0.00072151,1.534e-05,31041,1,Reliable
5.07411504,99.1919,0.0083692,14.19740802,0.00064458,1.365e-05,31041,1,Reliable
49.049694,99.1919,0.00836703,14.19741536,0.00065062041,1.378e-05,31041,1,Reliable
23.67907968,99.1921,0.0083523,14.19747449,0.00067733538,1.437e-05,31041,1,Reliable
11.83951776,99.1921,0.00834385,14.19750671,0.00069584288,1.477e-05,31041,1,Reliable
11.83950864,99.192,0.00833999,14.19752964,0.00076106442,1.62e-05,31041,1,Reliable
11.83949544,99.192,0.00833548,14.19754665,0.00077756901,1.656e-05,31041,1,Reliable
11.8394796,99.192,0.00833272,14.19756864,0.00083394511,1.78e-05,31041,1,Reliable
6.76540944,99.192,0.00832868,14.19758287,0.00081739803,1.744e-05,31041,1,Reliable
5.07405024,99.1921,0.00832766,14.19760092,0.00089186359,1.907e-05,31041,1,Reliable
11.83943448,99.1921,0.0083266,14.19760973,0.0008987795,1.922e-05,31041,1,Reliable
49.04893464,99.192,0.00832325,14.19763987,0.00099310806,2.129e-05,31041,1,Reliable
11.83933992,99.1921,0.00831183,14.19772736,0.0010419299,2.236e-05,31041,1,Reliable
23.678646,99.1922,0.00830992,14.19775692,0.0011013651,2.367e-05,31041,1,Reliable
18.6045996,99.1923,0.00830549,14.19780132,0.0011051625,2.375e-05,31041,1,Reliable
16.91322048,99.1922,0.00829753,14.19783559,0.0010820006,2.324e-05,31041,1,Reliable
6.76528056,99.1925,0.00829604,14.19787089,0.0010916461,2.346e-05,31041,1,Reliable
5.0739552,99.1926,0.00829565,14.19788367,0.0010961734,2.356e-05,31041,1,Reliable
69.34374072,99.1926,0.00829513,14.19789374,0.001092017,2.347e-05,31041,1,Reliable
15.22172016,99.1922,0.0082936,14.19803419,0.0011221,2.413e-05,31041,1,Reliable
8.45649696,99.192,0.00829353,14.19807361,0.0012677355,2.733e-05,31041,1,Reliable
3.38259816,99.1919,0.00829443,14.1980895,0.0012672187,2.732e-05,31041,1,Reliable
11.8390896,99.1919,0.00829385,14.19809711,0.0012768916,2.753e-05,31041,1,Reliable
8.45639664,99.1914,0.00830257,14.19825193,0.001037943,2.23e-05,31041,1,Reliable
15.22149504,99.1914,0.0083038,14.19826384,0.00096480374,2.069e-05,31041,1,Reliable
35.51671824,99.1913,0.00830444,14.19829094,0.0009063178,1.941e-05,31041,1,Reliable
60.88553496,99.1915,0.0083126,14.1983496,0.00083061333,1.775e-05,31041,1,Reliable
23.67761904,99.192,0.0083314,14.19844906,0.00084637,1.81e-05,31041,1,Reliable
24.04913928,98.6625,0.00195426,14.97818336,0.0025603385,0.00030252,31666,1,Reliable
36.87367776,98.6641,0.0019382,14.97873029,0.0025048,0.00029631,31666,1,Reliable
24.04696632,98.6606,0.0019352,14.97950416,0.0020275051,0.00024,31666,1,Reliable
30.45814224,98.6608,0.00193802,14.98006888,0.0022608132,0.0002682,31666,1,Reliable
17.63288664,98.6601,0.00197663,14.98083686,0.0026511417,0.00031552,31666,1,Reliable
6.41177184,98.6602,0.0019837,14.98143163,0.0034038,0.00040645,31666,1,Reliable
24.04322976,98.6603,0.0019787,14.98168948,0.0038598375,0.00046166,31666,1,Reliable
24.03020424,98.6668,0.00196415,14.99022774,0.0052874371,0.00064848,31666,0,Not Reliable
24.02927616,98.6664,0.00194889,14.99064089,0.0031290811,0.00038244,31666,0,Not Reliable
24.0285672,98.6671,0.00196237,14.99108951,0.0019872254,0.00024243,31666,1,Reliable
24.02775504,98.6674,0.00196518,14.99150359,0.0017896622,0.00021842,31666,1,Reliable
24.026965680000004,98.6667,0.00197523,14.99206486,0.0021611341,0.00026448,31666,1,Reliable
24.02626272,98.6673,0.00196606,14.99254075,0.0020125713,0.00024648,31666,1,Reliable
48.05063712,98.6656,0.00195995,14.99292974,0.001574153,0.00019268,31666,1,Reliable
6.4065456,98.6669,0.00197366,14.9937281,0.0015089914,0.00018504,31666,1,Reliable
17.61781224,98.6685,0.0020056,14.99382074,0.0014348,0.00017596,31666,1,Reliable
24.02378544,98.6688,0.00200158,14.99409802,0.0015118058,0.00018559,31666,1,Reliable
48.04586064,98.6697,0.00201249,14.99444852,0.0014332245,0.00017605,31666,1,Reliable
24.02210544,98.6721,0.00203344,14.99514718,0.001306529,0.0001607,31666,1,Reliable
24.02157696,98.6711,0.00202043,14.99548817,0.0013266569,0.00016333,31666,1,Reliable
24.02100912,98.6692,0.00199329,14.99581614,0.0012839039,0.00015815,31666,1,Reliable
24.02028456,98.67,0.0019923,14.99618307,0.0014134533,0.00017438,31666,1,Reliable
24.019237680000003,98.6674,0.00203432,14.9967128,0.0020344631,0.00025199,31666,0,Not Reliable
24.017994,98.6636,0.00198767,14.99748633,0.0029441805,0.00036624,31666,1,Reliable
24.01672464,98.6645,0.0019911,14.99822828,0.0026437,0.00032926,31666,0,Not Reliable
35.22245208,98.669,0.00216941,14.99912237,0.0035344633,0.00044252,31666,0,Not Reliable
36.82093176,98.6647,0.0018981,15.00009717,0.0028718105,0.0003595,31666,1,Reliable
35.21753208,98.6643,0.00186957,15.00112908,0.0028237681,0.00035437,31666,1,Reliable
1.6007174400000002,98.6644,0.00184595,15.00221002,0.0029365715,0.00036964,31666,1,Reliable
59.223670080000005,98.6639,0.00182968,15.00228225,0.002997091,0.00037736,31666,0,Not Reliable
59.21755392,98.6641,0.00179015,15.00392477,0.0022649503,0.00028582,31666,0,Not Reliable
12.8030172,98.6631,0.00175221,15.00544429,0.0029815832,0.00037842,31666,1,Reliable
35.20669632,98.6631,0.00173799,15.00574433,0.0025969875,0.00032953,31666,1,Reliable
12.801977760000002,98.6633,0.00172296,15.00668126,0.0018232045,0.00023136,31666,1,Reliable
11.20160064,98.6632,0.00171294,15.00689212,0.0014705071,0.00018644,31666,1,Reliable
24.00307608,98.6634,0.00170589,15.00705425,0.0013064784,0.00016558,31666,1,Reliable
24.00262248,98.663,0.00168657,15.0073517,0.0012031248,0.0001525,31666,1,Reliable
24.0021612,98.6625,0.0016736,15.00763454,0.0012419658,0.00015757,31666,1,Reliable
36.80197296,98.662,0.00165946,15.0079669,0.0016056397,0.00020423,31666,1,Reliable
11.20037064,98.6613,0.00162694,15.00856817,0.0011650717,0.00014809,31666,1,Reliable
12.80032056,98.6612,0.00162467,15.00868482,0.0010684642,0.00013577,31666,1,Reliable
11.20019136,98.661,0.0016214,15.00880437,0.00093028,0.00011812,31666,1,Reliable
12.800119680000002,98.6607,0.00161637,15.00894037,0.0011225322,0.00014278,31666,1,Reliable
11.19999456,98.6607,0.00161045,15.00904244,0.00093508877,0.0001188,31666,1,Reliable
12.799884,98.6607,0.0016015,15.00917401,0.0010197,0.00012968,31666,1,Reliable
23.9994276,98.6608,0.00159825,15.00932475,0.0010551838,0.00013428,31666,1,Reliable
47.99717952,98.6607,0.00158817,15.00964493,0.0013138593,0.00016759,31666,1,Reliable
11.19900768,98.6608,0.00155589,15.01036072,0.0014563356,0.00018623,31666,1,Reliable
12.79869528,98.6609,0.00154855,15.01053385,0.0015153977,0.00019391,31666,1,Reliable
11.1986952,98.661,0.00154663,15.01074965,0.0015720797,0.00020133,31666,1,Reliable
12.79826496,98.6614,0.0015337,15.01098748,0.0019123461,0.00024536,31666,1,Reliable
47.99100216,98.6613,0.00152517,15.01132903,0.0024251891,0.00031192,31666,1,Reliable
23.99405112,98.6612,0.00149712,15.01252225,0.002271161,0.00029287,31666,1,Reliable
23.99313528,98.661,0.00149298,15.01314532,0.0025168274,0.00032531,31666,1,Reliable
23.99226384,98.6605,0.0014774,15.01367031,0.0021383,0.00027645,31666,1,Reliable
35.18703696,98.6614,0.0014762,15.01420634,0.0020344035,0.0002633,31666,1,Reliable
71.96737055999999,98.6602,0.0014797,15.01504123,0.0021145432,0.00027435,31666,0,Not Reliable
36.78033672,98.6594,0.00144469,15.01673536,0.0027355952,0.00035711,31666,0,Not Reliable
47.9703948,98.6602,0.0014597,15.0177261,0.0034405,0.00045111,31666,0,Not Reliable
23.983761360000003,98.6609,0.0014648,15.01896991,0.0019867071,0.00026034,31666,1,Reliable
47.96533152000001,98.6614,0.001465,15.01947451,0.0015038,0.00019696,31666,0,Not Reliable
23.9816328,98.6632,0.00146873,15.02035835,0.0014486109,0.00019013,31666,1,Reliable
23.98097712,98.6643,0.00147113,15.02079811,0.0014774124,0.00019417,31666,1,Reliable
23.98031808,98.6647,0.0014695,15.02119129,0.0013514076,0.00017769,31666,1,Reliable
8.67745512,74.0461,0.00238148,14.50052887,0.00029877992,1.135e-05,33922,1,Reliable
16.279936319999997,74.046,0.00238268,14.50053658,0.00029510479,1.12e-05,33922,1,Reliable
1.7414736000000002,74.046,0.00238101,14.50055373,0.00028841507,1.094e-05,33922,1,Reliable
21.43438608,74.0459,0.00238233,14.50055511,0.00028685844,1.088e-05,33922,1,Reliable
8.59939272,74.0458,0.0023808,14.50057744,0.00028429,1.078e-05,33922,1,Reliable
1.64224776,74.0458,0.00238022,14.50058998,0.00030196646,1.147e-05,33922,1,Reliable
46.3709916,74.0457,0.00238337,14.50059102,0.00030029563,1.141e-05,33922,1,Reliable
23.19043776,74.0456,0.0023784,14.50063218,0.00028014843,1.062e-05,33922,1,Reliable
8.51455248,74.0454,0.00238087,14.50065703,0.00028771672,1.092e-05,33922,1,Reliable
12.52246128,74.0454,0.00238088,14.50066338,0.00028427922,1.079e-05,33922,1,Reliable
10.37656704,74.0454,0.00238057,14.50067563,0.0002970013,1.128e-05,33922,1,Reliable
9.72107472,74.0454,0.0023791,14.50068744,0.00030837,1.172e-05,33922,1,Reliable
15.398148,74.0452,0.00237846,14.50068643,0.00026553929,1.006e-05,33922,1,Reliable
7.74539064,74.0452,0.0023773,14.50070288,0.00027567,1.045e-05,33922,1,Reliable
4.75353456,74.0452,0.0023768,14.50069833,0.00022671,8.54e-06,33922,1,Reliable
3.7976232,74.0453,0.00237677,14.50070374,0.0002345071,8.85e-06,33922,1,Reliable
6.88477944,74.0452,0.00237649,14.50070893,0.00024388178,9.21e-06,33922,1,Reliable
7.72051992,74.0453,0.00237614,14.50071432,0.00023810565,8.99e-06,33922,1,Reliable
6.65951928,74.0453,0.00237571,14.50072007,0.00023371336,8.82e-06,33922,1,Reliable
18.2186736,74.0453,0.00237576,14.50072503,0.00023146845,8.73e-06,33922,1,Reliable
27.93847488,74.0453,0.00237368,14.50073904,0.00022512886,8.48e-06,33922,1,Reliable
20.1130764,74.0455,0.00237223,14.50076919,0.00025698716,9.72e-06,33922,1,Reliable
23.15827296,74.0455,0.00236957,14.50078546,0.00025284983,9.56e-06,33922,1,Reliable
4.72362,74.0456,0.0023663,14.50080478,0.00025076,9.48e-06,33922,1,Reliable
3.82446624,74.0456,0.0023658,14.50080721,0.00024453043,9.24e-06,33922,1,Reliable
6.853524480000001,74.0457,0.00236481,14.50081063,0.0002434683,9.2e-06,33922,1,Reliable
16.31198592,74.0459,0.00236201,14.50081631,0.00023995961,9.06e-06,33922,1,Reliable
8.53012152,74.0459,0.00236028,14.50082767,0.00023274805,8.78e-06,33922,1,Reliable
10.84713408,74.0458,0.00235849,14.50083553,0.00023320097,8.8e-06,33922,1,Reliable
5.47196664,74.0456,0.0023602,14.50084587,0.00023902016,9.03e-06,33922,1,Reliable
14.6040804,74.0456,0.00235921,14.50085052,0.00023819221,8.99e-06,33922,1,Reliable
8.59180824,74.0457,0.0023575,14.50086169,0.00023245,8.77e-06,33922,1,Reliable
16.28698752,74.0457,0.00235647,14.50086652,0.00022716987,8.57e-06,33922,1,Reliable
6.99058176,74.0457,0.0023545,14.50087902,0.00022704948,8.56e-06,33922,1,Reliable
16.15841112,74.0457,0.00235347,14.50088444,0.00022778117,8.59e-06,33922,1,Reliable
8.693770559999999,74.0457,0.00235179,14.50089505,0.00022054172,8.31e-06,33922,1,Reliable
12.67116552,74.0456,0.00234988,14.50090228,0.00022329291,8.42e-06,33922,1,Reliable
6.56557752,74.0456,0.00234756,14.50091057,0.00022056593,8.31e-06,33922,1,Reliable
3.92740992,74.0457,0.00234636,14.50091399,0.0002179119,8.21e-06,33922,1,Reliable
44.06653368,74.0457,0.0023456,14.50091681,0.000218,8.21e-06,33922,1,Reliable
41.59673304,74.0457,0.00234071,14.50094482,0.00021522074,8.1e-06,33922,1,Reliable
1.70834352,74.0459,0.00233368,14.50098074,0.00024123125,9.12e-06,33922,1,Reliable
27.9377604,74.046,0.00233358,14.50098216,0.00024149001,9.13e-06,33922,1,Reliable
16.59713016,74.0461,0.00232982,14.50101659,0.00029286837,1.113e-05,33922,1,Reliable
1.77500832,74.0462,0.0023272,14.50103128,0.00029038,1.103e-05,33922,1,Reliable
8.5914084,74.0462,0.0023269,14.5010327,0.00028946,1.1e-05,33922,1,Reliable
8.52079248,74.0463,0.00232536,14.50104211,0.00029955255,1.139e-05,33922,1,Reliable
5.934058800000001,74.0463,0.0023238,14.5010465,0.00028503,1.082e-05,33922,1,Reliable
10.3889148,74.0463,0.00232331,14.5010556,0.00029978531,1.14e-05,33922,1,Reliable
12.80755776,74.0463,0.0023216,14.50106653,0.00030594,1.164e-05,33922,1,Reliable
6.57131808,74.0464,0.00231937,14.50107765,0.00029969498,1.14e-05,33922,1,Reliable
18.3889752,74.0464,0.00231843,14.50108374,0.0002986335,1.135e-05,33922,1,Reliable
29.6051112,74.0464,0.00231521,14.5011012,0.00029735918,1.13e-05,33922,1,Reliable
16.62694536,74.0465,0.00231074,14.50113993,0.00033925176,1.294e-05,33922,1,Reliable
6.555687839999999,74.0465,0.002308,14.50115483,0.00033255,1.268e-05,33922,1,Reliable
3.82601064,74.0466,0.0023074,14.50116273,0.00033652,1.283e-05,33922,1,Reliable
12.77779656,74.0466,0.00230692,14.50117212,0.00035866489,1.37e-05,33922,1,Reliable
18.91891776,74.0466,0.0023046,14.50118012,0.00033803173,1.289e-05,33922,1,Reliable
5.94193032,74.0467,0.0023016,14.50120665,0.00037747,1.443e-05,33922,1,Reliable
33.66633192,74.0467,0.00230067,14.50121719,0.00039020604,1.493e-05,33922,1,Reliable
22.79892744,74.0467,0.00229583,14.5012517,0.00038870793,1.487e-05,33922,1,Reliable
2.04475632,74.0469,0.00229189,14.50129634,0.00045619836,1.75e-05,33922,1,Reliable
12.6817668,74.0469,0.00229155,14.50129836,0.00045421031,1.742e-05,33922,1,Reliable
10.48592328,74.0468,0.0022895,14.50129562,0.00037927,1.45e-05,33922,1,Reliable
6.47112912,74.0469,0.00228743,14.50130318,0.000357573,1.366e-05,33922,1,Reliable
18.39097728,74.0469,0.0022853,14.50130274,0.00032569,1.241e-05,33922,1,Reliable
14.4806184,74.047,0.00228229,14.50131561,0.00028516481,1.083e-05,33922,1,Reliable
8.7139176,74.047,0.0022814,14.50132236,0.00024285,9.19e-06,33922,1,Reliable
14.42771592,74.0471,0.00228009,14.50133009,0.00024048904,9.09e-06,33922,1,Reliable
8.71173336,74.0471,0.00227901,14.50134002,0.00021863407,8.24e-06,33922,1,Reliable
24.85183896,74.0471,0.00227613,14.50134691,0.0002170058,8.18e-06,33922,1,Reliable
23.16318384,74.0472,0.0022723,14.50136208,0.00018780833,7.04e-06,33922,1,Reliable
14.46819504,74.0471,0.00227202,14.50137323,0.0001674201,6.25e-06,33922,1,Reliable
10.435744560000002,74.0472,0.00227021,14.50137927,0.00015566215,5.79e-06,33922,1,Reliable
12.76699584,74.0472,0.0022678,14.50138384,0.00015464,5.75e-06,33922,1,Reliable
10.35216888,74.0472,0.0022676,14.50139193,0.00015596,5.8e-06,33922,1,Reliable
8.16858264,74.0473,0.00225969,14.50139543,0.00015153114,5.63e-06,33922,1,Reliable
6.29323536,74.0473,0.00225753,14.50139849,0.00014626703,5.42e-06,33922,1,Reliable
8.7084564,74.0473,0.0022567,14.50140143,0.00014413,5.34e-06,33922,1,Reliable
8.40332328,74.0472,0.0022555,14.5014058,0.00014664,5.44e-06,33922,1,Reliable
7.782684720000001,74.0471,0.0022574,14.50140993,0.00014511544,5.38e-06,33922,1,Reliable
6.82925184,74.0471,0.0022576,14.50141383,0.00014416407,5.34e-06,33922,1,Reliable
16.34681328,74.047,0.00225736,14.50141653,0.00014286727,5.29e-06,33922,1,Reliable
8.65608528,74.0469,0.0022527,14.50142466,0.00014037153,5.19e-06,33922,1,Reliable
16.19138976,74.047,0.0022518,14.50142807,0.00013882,5.13e-06,33922,1,Reliable
21.32066856,74.047,0.0022506,14.50143713,0.00014162,5.24e-06,33922,1,Reliable
10.5135348,74.047,0.00224797,14.50144597,0.00013431611,4.96e-06,33922,1,Reliable
6.73129416,74.0469,0.00224788,14.50145171,0.00013848701,5.12e-06,33922,1,Reliable
7.72835688,74.0469,0.00224682,14.50145462,0.00013684168,5.06e-06,33922,1,Reliable
8.71371528,74.0469,0.00224668,14.50145729,0.00013104222,4.83e-06,33922,1,Reliable
14.47024512,74.0469,0.00224549,14.50146265,0.00013799779,5.1e-06,33922,1,Reliable
10.41761352,74.0468,0.0022442,14.50146776,0.00012985,4.78e-06,33922,1,Reliable
6.70487832,74.0468,0.00224221,14.50147557,0.00014778382,5.48e-06,33922,1,Reliable
7.75721616,74.0468,0.00224051,14.50147849,0.00014716418,5.46e-06,33922,1,Reliable
8.664702,74.0467,0.0022406,14.50148247,0.00014577,5.4e-06,33922,1,Reliable
31.573204800000003,74.0467,0.00224006,14.50149666,0.00019177827,7.2e-06,33922,1,Reliable
23.1870648,74.0466,0.00223761,14.50151727,0.00020730958,7.8e-06,33922,1,Reliable
5.94461592,74.0465,0.00223553,14.50153317,0.00022194615,8.37e-06,33922,1,Reliable
10.52828208,74.0465,0.00223706,14.50153679,0.00021780471,8.21e-06,33922,1,Reliable
35.79305208,74.0465,0.00223524,14.50155258,0.00025579895,9.69e-06,33922,1,Reliable
12.1853676,74.0463,0.00223325,14.50158019,0.00026495734,1.005e-05,33922,1,Reliable
23.21163408,74.0463,0.00223234,14.50159502,0.00029016516,1.104e-05,33922,1,Reliable
24.68605272,74.0462,0.00222962,14.50161104,0.00027517815,1.045e-05,33922,1,Reliable
12.80292864,74.0461,0.0022258,14.50163234,0.00027413,1.041e-05,33922,1,Reliable
8.43991608,74.046,0.002225,14.50164206,0.00026983106,1.024e-05,33922,1,Reliable
1.90662552,74.046,0.0022235,14.50164638,0.00025495,9.66e-06,33922,1,Reliable
12.8267664,74.046,0.00222397,14.50165197,0.0002732334,1.038e-05,33922,1,Reliable
10.48939608,74.046,0.00222461,14.5016655,0.00028574921,1.086e-05,33922,1,Reliable
24.85013904,74.046,0.00222339,14.5016689,0.00025803546,9.78e-06,33922,1,Reliable
14.51498232,74.046,0.00222136,14.50168583,0.0002395552,9.06e-06,33922,1,Reliable
15.11042184,74.046,0.00222197,14.50170232,0.00026035871,9.88e-06,33922,1,Reliable
9.74365344,74.0459,0.0022196,14.50171043,0.00024281131,9.19e-06,33922,1,Reliable
8.66011224,74.0459,0.00221864,14.50172267,0.0002627069,9.97e-06,33922,1,Reliable
12.66321912,74.0459,0.00221753,14.50172389,0.00023392791,8.84e-06,33922,1,Reliable
6.54257904,74.0458,0.0022179,14.50173207,0.00022764291,8.6e-06,33922,1,Reliable
16.639355039999998,74.0458,0.00221714,14.50173843,0.0002291997,8.66e-06,33922,1,Reliable
1.77645072,74.0457,0.00221655,14.5017509,0.00022746644,8.59e-06,33922,1,Reliable
33.58857672,74.0457,0.0022163,14.50175227,0.0002268113,8.57e-06,33922,1,Reliable
37.59864552,74.0456,0.00221497,14.50176791,0.00018592831,6.97e-06,33922,1,Reliable
8.711299440000001,74.0456,0.00221255,14.50178737,0.0001617764,6.03e-06,33922,1,Reliable
1.6951658399999998,74.0456,0.00221258,14.50179072,0.00015340114,5.71e-06,33922,1,Reliable
14.48718864,74.0456,0.00221258,14.50179168,0.00015272141,5.68e-06,33922,1,Reliable
4.71029904,74.0455,0.0022126,14.50179975,0.00015093,5.61e-06,33922,1,Reliable
2.14533216,74.0456,0.002212,14.50180048,0.00014335,5.31e-06,33922,1,Reliable
1.80796584,74.0456,0.00221215,14.50180162,0.00014283901,5.29e-06,33922,1,Reliable
6.71951256,74.0455,0.0022138,14.50180277,0.00014254,5.28e-06,33922,1,Reliable
7.7414784,74.0457,0.0022146,14.50180582,0.00014125,5.23e-06,33922,1,Reliable
1.76967312,74.0456,0.00221481,14.50180983,0.00014008425,5.19e-06,33922,1,Reliable
6.94284144,74.0456,0.0022156,14.50181037,0.00013919,5.15e-06,33922,1,Reliable
6.460507440000001,74.0457,0.002215,14.5018149,0.00014131,5.23e-06,33922,1,Reliable
9.76936536,74.0457,0.00221574,14.50182027,0.00014854326,5.52e-06,33922,1,Reliable
8.47431864,74.0457,0.0022154,14.50182231,0.00013618,5.03e-06,33922,1,Reliable
12.96687576,74.0457,0.0022153,14.50182636,0.00013589,5.02e-06,33922,1,Reliable
1.65261096,74.0456,0.0022137,14.50183271,0.00013608,5.03e-06,33922,1,Reliable
6.87364872,74.0456,0.002213,14.50183355,0.0001359,5.02e-06,33922,1,Reliable
1.6812504,74.0457,0.00221157,14.50183682,0.00013601355,5.03e-06,33922,1,Reliable
12.820626,74.0457,0.0022117,14.50183803,0.00013888688,5.14e-06,33922,1,Reliable
3.54780864,74.0457,0.0022107,14.50184364,0.00013747,5.08e-06,33922,1,Reliable
6.81809592,74.0456,0.0022102,14.50184542,0.00013758,5.09e-06,33922,1,Reliable
14.60632104,74.0457,0.0022096,14.50184922,0.0001403138,5.2e-06,33922,1,Reliable
10.366212,74.0457,0.00220895,14.50185402,0.00012991806,4.79e-06,33922,1,Reliable
21.3277176,74.0457,0.0022094,14.50185925,0.00013121,4.84e-06,33922,1,Reliable
16.306164719999998,74.0458,0.00220925,14.50187216,0.0001444675,5.36e-06,33922,1,Reliable
8.57804376,74.0459,0.0022089,14.50188106,0.00014414,5.35e-06,33922,1,Reliable
14.63357112,74.0459,0.00220839,14.50188758,0.00015697663,5.85e-06,33922,1,Reliable
8.54096592,74.0459,0.00220828,14.50189137,0.00014281585,5.29e-06,33922,1,Reliable
1.6545156,74.046,0.00220832,14.50190002,0.0001650779,6.16e-06,33922,1,Reliable
12.8290488,74.046,0.00220842,14.5019011,0.00016572037,6.19e-06,33922,1,Reliable
10.48379976,74.0461,0.00220832,14.50190738,0.00016663385,6.22e-06,33922,1,Reliable
12.67700856,74.0461,0.00220752,14.50191579,0.00018461808,6.92e-06,33922,1,Reliable
12.18094728,74.0462,0.00220739,14.50192392,0.00019242583,7.23e-06,33922,1,Reliable
14.46917952,74.0463,0.00220724,14.50193317,0.00020485182,7.71e-06,33922,1,Reliable
8.68839168,74.0464,0.00220771,14.50194755,0.00023057822,8.72e-06,33922,1,Reliable
23.18293416,74.0464,0.00220698,14.50195415,0.00024039559,9.1e-06,33922,1,Reliable
16.1636808,74.0465,0.00220431,14.50197212,0.00025402751,9.63e-06,33922,1,Reliable
21.36073392,74.0465,0.00220403,14.50198228,0.00024784479,9.39e-06,33922,1,Reliable
10.34398152,74.0467,0.00220388,14.5020043,0.00027295914,1.037e-05,33922,1,Reliable
25.0302192,74.0467,0.00220333,14.50201111,0.00026910356,1.022e-05,33922,1,Reliable
12.63691776,74.0469,0.00220329,14.50203133,0.00026717981,1.015e-05,33922,1,Reliable
10.4898744,74.0469,0.00220285,14.50204112,0.00026033113,9.88e-06,33922,1,Reliable
12.68699352,74.047,0.00220314,14.50205108,0.00026288603,9.98e-06,33922,1,Reliable
23.158944,74.0471,0.00220502,14.50206285,0.00026498944,1.006e-05,33922,1,Reliable
26.66472168,74.0473,0.00220078,14.50208831,0.00028070523,1.068e-05,33922,1,Reliable
15.13009272,74.0475,0.0021996,14.50211736,0.00030235,1.152e-05,33922,1,Reliable
8.07039816,74.0478,0.00220326,14.50213481,0.00031726854,1.211e-05,33922,1,Reliable
47.95802688,74.0478,0.00220578,14.50214339,0.00032009641,1.222e-05,33922,1,Reliable
8.75395176,74.0482,0.00220605,14.50218097,0.00029141689,1.11e-05,33922,1,Reliable
16.15709784,74.0482,0.00220509,14.50218965,0.00029993542,1.143e-05,33922,1,Reliable
8.65892184,74.0483,0.0022053,14.5021987,0.00027171,1.033e-05,33922,1,Reliable
14.47682328,74.0483,0.00220625,14.50220375,0.00025683862,9.75e-06,33922,1,Reliable
8.676020399999999,74.0484,0.00220699,14.50221611,0.0002510427,9.52e-06,33922,1,Reliable
14.49921528,74.0485,0.00220727,14.50222416,0.0002537222,9.63e-06,33922,1,Reliable
4.73157192,74.0485,0.0022083,14.5022321,0.00023234,8.79e-06,33922,1,Reliable
3.94313376,74.0485,0.00220633,14.50223568,0.00023127698,8.75e-06,33922,1,Reliable
16.17330408,74.0485,0.00220516,14.50223837,0.00022882148,8.65e-06,33922,1,Reliable
6.9062676,74.0484,0.00220456,14.50224863,0.00021050024,7.94e-06,33922,1,Reliable
1.63645944,74.0485,0.0022045,14.50225358,0.0002079,7.84e-06,33922,1,Reliable
12.81464328,74.0485,0.00220488,14.50225471,0.00020652071,7.78e-06,33922,1,Reliable
1.80067608,74.0486,0.00220586,14.5022634,0.00019731039,7.42e-06,33922,1,Reliable
21.36507744,74.0486,0.00220547,14.50226579,0.00020088102,7.56e-06,33922,1,Reliable
23.1528456,74.0487,0.00220617,14.50227728,0.00017753886,6.65e-06,33922,1,Reliable
3.5146099200000003,74.0488,0.00220702,14.50229299,0.00017451695,6.54e-06,33922,1,Reliable
23.12854248,74.0488,0.0022073,14.50229692,0.00018109,6.79e-06,33922,1,Reliable
6.70816128,74.0538,0.00225223,14.39198239,0.00019774736,5.88e-06,34022,1,Reliable
23.35136112,74.0539,0.00225415,14.39198533,0.0001967887,5.85e-06,34022,1,Reliable
1.95791688,74.054,0.002259,14.39199725,0.00019539,5.81e-06,34022,1,Reliable
14.70552504,74.054,0.00225931,14.39199689,0.00018479617,5.48e-06,34022,1,Reliable
1.69976952,74.054,0.0022609,14.39200577,0.00019189289,5.7e-06,34022,1,Reliable
38.58378696,74.054,0.0022609,14.39200652,0.00019132449,5.68e-06,34022,1,Reliable
12.87607296,74.054,0.00226378,14.39202621,0.00019222984,5.71e-06,34022,1,Reliable
10.49894928,74.0541,0.00226753,14.39203004,0.00018165595,5.38e-06,34022,1,Reliable
12.87797448,74.0541,0.00226909,14.39203745,0.00019098616,5.67e-06,34022,1,Reliable
3.58503264,74.0541,0.00227135,14.39204181,0.00018442851,5.47e-06,34022,1,Reliable
8.87028672,74.0541,0.00227131,14.39204327,0.00018354431,5.44e-06,34022,1,Reliable
12.56826432,74.0541,0.00227265,14.39204518,0.00017082719,5.05e-06,34022,1,Reliable
10.76143944,74.0542,0.0022744,14.39205457,0.00019615,5.83e-06,34022,1,Reliable
23.36153328,74.0542,0.0022755,14.39205746,0.00018102,5.36e-06,34022,1,Reliable
7.77249552,74.0542,0.0022789,14.39206084,0.00014258,4.17e-06,34022,1,Reliable
4.8119270400000005,74.0542,0.00227946,14.39206443,0.00014327277,4.19e-06,34022,1,Reliable
12.432159359999998,74.0542,0.00228022,14.39206707,0.00014865272,4.36e-06,34022,1,Reliable
7.8524784,74.0543,0.00228229,14.3920711,0.00013938966,4.07e-06,34022,1,Reliable
3.06404376,74.0543,0.0022831,14.39207394,0.00013752,4.01e-06,34022,1,Reliable
12.45162864,74.0543,0.00228355,14.39207486,0.00013679373,3.99e-06,34022,1,Reliable
9.5598,74.0543,0.00228526,14.39207923,0.00013078992,3.8e-06,34022,1,Reliable
6.862314,74.0543,0.00228645,14.39208368,0.00013487582,3.93e-06,34022,1,Reliable
6.92128896,74.0543,0.00228765,14.39208542,0.00012933293,3.76e-06,34022,1,Reliable
23.06755464,74.0543,0.00228881,14.3920877,0.00012635723,3.66e-06,34022,1,Reliable
8.06866752,74.0543,0.00229241,14.39209918,0.00014057246,4.11e-06,34022,1,Reliable
33.68089104,74.0543,0.00229318,14.39210169,0.00013796059,4.02e-06,34022,1,Reliable
6.93948936,74.0543,0.00229808,14.39211329,0.00013392071,3.9e-06,34022,1,Reliable
7.8004332,74.0543,0.0022986,14.39211614,0.00013352,3.89e-06,34022,1,Reliable
6.9173532,74.0543,0.00229917,14.39211797,0.0001282863,3.72e-06,34022,1,Reliable
8.61899136,74.0544,0.00230043,14.39212071,0.0001299979,3.78e-06,34022,1,Reliable
7.77916032,74.0544,0.0023017,14.392124,0.00013068075,3.8e-06,34022,1,Reliable
4.81620072,74.0544,0.0023024,14.39212676,0.00012993,3.77e-06,34022,1,Reliable
3.81725976,74.0544,0.00230337,14.39212797,0.0001278678,3.71e-06,34022,1,Reliable
6.66242088,74.0544,0.0023026,14.3921293,0.00012769,3.7e-06,34022,1,Reliable
8.053205759999999,74.0544,0.0023035,14.39213194,0.00012872,3.74e-06,34022,1,Reliable
10.31365008,74.0544,0.00230416,14.39213416,0.00012602107,3.65e-06,34022,1,Reliable
19.5287316,74.0544,0.0023054,14.3921377,0.00012663,3.67e-06,34022,1,Reliable
2.16052776,74.0544,0.00230759,14.39214358,0.00012377942,3.58e-06,34022,1,Reliable
1.85429736,74.0544,0.0023075,14.39214434,0.00012386,3.59e-06,34022,1,Reliable
6.7278129600000005,74.0544,0.00230798,14.39214521,0.00012429982,3.6e-06,34022,1,Reliable
6.01043112,74.0544,0.002309,14.39214695,0.00012159,3.52e-06,34022,1,Reliable
6.62513736,74.0544,0.00230941,14.39214951,0.00012291933,3.56e-06,34022,1,Reliable
16.7225232,74.0545,0.00231049,14.3921508,0.00011924127,3.44e-06,34022,1,Reliable
1.79354976,74.0544,0.00231241,14.39215632,0.00011898976,3.43e-06,34022,1,Reliable
53.19370728,74.0544,0.0023124,14.39215681,0.00011802,3.4e-06,34022,1,Reliable
23.33624232,74.0544,0.00231845,14.39217139,0.00010725542,3.07e-06,34022,1,Reliable
23.37598632,74.0544,0.00232136,14.39217874,0.00010935548,3.14e-06,34022,1,Reliable
25.02639408,74.0543,0.00232392,14.39218812,0.00012154983,3.51e-06,34022,1,Reliable
2.13763992,74.0543,0.00232654,14.39219949,0.00013732099,4.01e-06,34022,1,Reliable
1.85063112,74.0543,0.002327,14.39220015,0.00013701,4e-06,34022,1,Reliable
19.39380648,74.0542,0.0023275,14.39220049,0.00013553884,3.95e-06,34022,1,Reliable
3.94304928,74.0542,0.00232955,14.39220617,0.0001312665,3.82e-06,34022,1,Reliable
6.772136639999999,74.0542,0.0023299,14.39220764,0.00013136,3.82e-06,34022,1,Reliable
7.79861472,74.0541,0.00233097,14.39221126,0.00013775783,4.02e-06,34022,1,Reliable
4.8165040800000005,74.0541,0.00233144,14.39221466,0.00014095221,4.12e-06,34022,1,Reliable
4.00674048,74.0541,0.0023322,14.39221476,0.00013438,3.91e-06,34022,1,Reliable
14.52946872,74.0541,0.00233299,14.39221627,0.00013455584,3.92e-06,34022,1,Reliable
8.64061536,74.054,0.00233405,14.39222185,0.00013674818,3.99e-06,34022,1,Reliable
1.8434664,74.054,0.00233536,14.39222438,0.00013536828,3.94e-06,34022,1,Reliable
37.94744472,74.054,0.00233572,14.39222503,0.0001349866,3.93e-06,34022,1,Reliable
8.72769624,74.0539,0.00233856,14.39223936,0.00013962612,4.08e-06,34022,1,Reliable
6.505765920000001,74.0539,0.00234,14.39224274,0.00014134,4.13e-06,34022,1,Reliable
8.07268008,74.0538,0.00234018,14.39224641,0.00014741668,4.32e-06,34022,1,Reliable
8.77594176,74.0538,0.0023403,14.3922514,0.0001569,4.61e-06,34022,1,Reliable
8.46453168,74.0538,0.00234124,14.39225201,0.00014583753,4.27e-06,34022,1,Reliable
14.50878864,74.0537,0.00234181,14.39225564,0.00014798751,4.34e-06,34022,1,Reliable
2.07308592,74.0538,0.00234394,14.39226298,0.0001631179,4.81e-06,34022,1,Reliable
36.12506184,74.0537,0.0023442,14.39226424,0.00016448,4.85e-06,34022,1,Reliable
6.61748568,74.0535,0.00234578,14.39227891,0.00016510387,4.87e-06,34022,1,Reliable
16.7209956,74.0535,0.00234733,14.39228166,0.00016545195,4.88e-06,34022,1,Reliable
3.53246208,74.0534,0.00234758,14.39229443,0.00019131777,5.69e-06,34022,1,Reliable
6.90264456,74.0534,0.0023473,14.39229586,0.00018972862,5.64e-06,34022,1,Reliable
14.5837164,74.0533,0.0023473,14.39229633,0.00018021,5.34e-06,34022,1,Reliable
1.84692216,74.0533,0.00234728,14.39229792,0.00014952458,4.39e-06,34022,1,Reliable
21.52681896,74.0533,0.00234723,14.39229853,0.00014842671,4.35e-06,34022,1,Reliable
23.35193664,74.0531,0.00234815,14.39230274,0.00012064818,3.49e-06,34022,1,Reliable
6.60778992,74.053,0.0023488,14.39230862,0.00010172,2.9e-06,34022,1,Reliable
16.73326368,74.0529,0.00235002,14.39231128,0.00010354663,2.96e-06,34022,1,Reliable
25.0380168,74.0528,0.00234993,14.39231627,9.6866712e-05,2.75e-06,34022,1,Reliable
23.35764408,74.0527,0.00235006,14.39232375,9.1791643e-05,2.59e-06,34022,1,Reliable
8.742352799999999,74.0526,0.0023506,14.39232839,8.1552e-05,2.27e-06,34022,1,Reliable
14.603716319999998,74.0526,0.002351,14.39233066,8.3944e-05,2.35e-06,34022,1,Reliable
23.33936736,74.0525,0.00235008,14.39233431,8.443547e-05,2.36e-06,34022,1,Reliable
25.04827272,74.0524,0.00234976,14.39233977,8.4996394e-05,2.38e-06,34022,1,Reliable
6.60463272,74.0523,0.0023476,14.39234468,8.0306e-05,2.23e-06,34022,1,Reliable
18.54542976,74.0523,0.00234776,14.39234611,8.1250947e-05,2.26e-06,34022,1,Reliable
15.28537128,74.0523,0.00234776,14.39234986,7.5956227e-05,2.1e-06,34022,1,Reliable
8.06881488,74.0522,0.0023492,14.39235311,7.6126722e-05,2.1e-06,34022,1,Reliable
10.48033776,74.0521,0.00234867,14.39235408,7.1803485e-05,1.97e-06,34022,1,Reliable
12.7450956,74.0522,0.00234983,14.39235641,7.2199025e-05,1.98e-06,34022,1,Reliable
10.58598072,74.052,0.00234924,14.39235897,7.0339277e-05,1.92e-06,34022,1,Reliable
12.77391336,74.052,0.00234909,14.39236016,6.6178181e-05,1.79e-06,34022,1,Reliable
10.61403432,74.0519,0.00234821,14.39236335,6.724284e-05,1.83e-06,34022,1,Reliable
14.53276248,74.0519,0.00234748,14.39236504,6.5340745e-05,1.77e-06,34022,1,Reliable
8.40293568,74.0518,0.00234652,14.39236803,6.5910384e-05,1.79e-06,34022,1,Reliable
6.8941632,74.0519,0.00234668,14.39236956,6.7063751e-05,1.82e-06,34022,1,Reliable
8.061514800000001,74.0519,0.0023457,14.39237069,6.4468e-05,1.74e-06,34022,1,Reliable
8.389064639999999,74.0518,0.00234535,14.39237348,7.2929681e-05,2e-06,34022,1,Reliable
8.85845976,74.0518,0.00234512,14.39237498,7.4595565e-05,2.06e-06,34022,1,Reliable
7.80018072,74.0517,0.00234428,14.39237679,7.427251e-05,2.05e-06,34022,1,Reliable
8.75618688,74.0517,0.00234368,14.3923819,9.4684251e-05,2.68e-06,34022,1,Reliable
14.56950912,74.0517,0.00234342,14.39238496,0.00010079697,2.87e-06,34022,1,Reliable
8.82458832,74.0517,0.00234253,14.39239053,0.00011226417,3.23e-06,34022,1,Reliable
6.45854736,74.0517,0.00234198,14.39239196,0.00010988328,3.15e-06,34022,1,Reliable
12.87117288,74.0517,0.00234133,14.39239355,0.00010972087,3.15e-06,34022,1,Reliable
29.02050696,74.0517,0.00234069,14.39239882,0.00012531928,3.63e-06,34022,1,Reliable
12.7684368,74.0517,0.00233806,14.39241131,0.00014603183,4.28e-06,34022,1,Reliable
26.89764984,74.0517,0.00233661,14.39241682,0.00015248837,4.48e-06,34022,1,Reliable
21.61086216,74.0518,0.00233428,14.39242763,0.0001635518,4.82e-06,34022,1,Reliable
17.22060792,74.0518,0.00233197,14.39243482,0.00015760653,4.64e-06,34022,1,Reliable
6.15810024,74.0518,0.0023302,14.39244133,0.00015764582,4.64e-06,34022,1,Reliable
23.20167216,74.0518,0.00232965,14.39244348,0.00015326574,4.5e-06,34022,1,Reliable
17.3550912,74.0519,0.00232666,14.39245064,0.00014138889,4.13e-06,34022,1,Reliable
7.83097512,74.0519,0.00232423,14.39245939,0.00015600265,4.59e-06,34022,1,Reliable
33.65014992,74.0519,0.00232321,14.39246003,0.00013921238,4.07e-06,34022,1,Reliable
6.89108304,74.0521,0.00231843,14.39247035,0.00012774951,3.71e-06,34022,1,Reliable
12.5955636,74.0521,0.00231725,14.39247532,0.00014290742,4.18e-06,34022,1,Reliable
3.98438424,74.0521,0.00231581,14.39247843,0.00013463939,3.92e-06,34022,1,Reliable
12.7767672,74.0521,0.00231497,14.39248004,0.00013478601,3.93e-06,34022,1,Reliable
1.79808504,74.0522,0.00231289,14.39248433,0.00013094013,3.81e-06,34022,1,Reliable
4.7956584,74.0522,0.0023124,14.39248485,0.00013003,3.78e-06,34022,1,Reliable
4.01829888,74.0522,0.00231161,14.39248434,0.00011972019,3.46e-06,34022,1,Reliable
12.73582392,74.0522,0.00231124,14.39248556,0.00011907996,3.44e-06,34022,1,Reliable
17.1127476,74.0523,0.00230939,14.39249218,0.00013060874,3.8e-06,34022,1,Reliable
31.27662864,74.0523,0.00230642,14.39249833,0.00013363734,3.89e-06,34022,1,Reliable
10.59328536,74.0525,0.00230137,14.39250543,0.0001139955,3.28e-06,34022,1,Reliable
14.55519816,74.0526,0.00229969,14.39250859,0.00011418695,3.29e-06,34022,1,Reliable
23.34623592,74.0527,0.00229729,14.39251192,0.00010467871,2.99e-06,34022,1,Reliable
1.72052952,74.0529,0.00229364,14.39251772,9.7597888e-05,2.77e-06,34022,1,Reliable
15.51276744,74.0529,0.00229328,14.39251805,9.6922647e-05,2.75e-06,34022,1,Reliable
7.87875672,74.053,0.00229035,14.39252208,9.5387358e-05,2.7e-06,34022,1,Reliable
6.85680912,74.053,0.0022892,14.39252341,8.8825e-05,2.5e-06,34022,1,Reliable
1.7219798400000002,74.0531,0.00228814,14.39252469,8.8008452e-05,2.47e-06,34022,1,Reliable
12.905550000000002,74.0531,0.00228769,14.39252532,8.8230346e-05,2.48e-06,34022,1,Reliable
6.5868108,74.0532,0.00228526,14.39252923,8.6813365e-05,2.44e-06,34022,1,Reliable
1.9143168,74.0532,0.0022848,14.39253172,9.0961e-05,2.57e-06,34022,1,Reliable
1.96245216,74.0532,0.00228462,14.39253233,9.1415363e-05,2.58e-06,34022,1,Reliable
12.88072944,74.0533,0.0022843,14.39253279,9.0809e-05,2.56e-06,34022,1,Reliable
6.60045384,74.0533,0.0022819,14.3925345,8.1386e-05,2.27e-06,34022,1,Reliable
3.97355976,74.0533,0.0022813,14.39253597,8.0713e-05,2.25e-06,34022,1,Reliable
6.52588056,74.0533,0.0022806,14.39253699,8.1852e-05,2.28e-06,34022,1,Reliable
8.05251384,74.0534,0.0022792,14.39253783,7.7896e-05,2.16e-06,34022,1,Reliable
1.7171431199999998,74.0534,0.00227811,14.39253949,7.5854272e-05,2.1e-06,34022,1,Reliable
8.75078424,74.0534,0.00227792,14.39253958,7.5388965e-05,2.08e-06,34022,1,Reliable
6.75892128,74.0534,0.0022763,14.39254142,7.5801e-05,2.09e-06,34022,1,Reliable
7.84293864,74.0534,0.0022752,14.39254266,7.4421e-05,2.05e-06,34022,1,Reliable
4.752934799999999,74.0535,0.0022741,14.39254463,7.373784e-05,2.03e-06,34022,1,Reliable
3.98259696,74.0535,0.0022732,14.39254461,6.9884e-05,1.91e-06,34022,1,Reliable
6.7755144,74.0535,0.0022725,14.39254558,7.0065e-05,1.92e-06,34022,1,Reliable
7.800723120000001,74.0536,0.00227075,14.3925472,6.9786546e-05,1.91e-06,34022,1,Reliable
23.34755208,74.0536,0.0022696,14.39254876,6.8883e-05,1.88e-06,34022,1,Reliable
8.77933224,74.0537,0.00226586,14.39255491,7.8401487e-05,2.18e-06,34022,1,Reliable
6.5401284,74.0538,0.00226454,14.39255696,8.1600477e-05,2.28e-06,34022,1,Reliable
8.04685728,74.0538,0.0022629,14.39255776,7.8299e-05,2.17e-06,34022,1,Reliable
8.65716576,74.0538,0.0022617,14.39256053,8.5374e-05,2.39e-06,34022,1,Reliable
8.56096584,74.0539,0.0022604,14.39256186,8.5999e-05,2.41e-06,34022,1,Reliable
6.0073418400000005,74.0539,0.00225839,14.39256328,8.2538176e-05,2.3e-06,34022,1,Reliable
1.81730232,74.0539,0.00225766,14.39256647,9.3223837e-05,2.64e-06,34022,1,Reliable
8.7505728,74.0539,0.0022574,14.39256692,9.3214e-05,2.64e-06,34022,1,Reliable
6.496496400000001,74.054,0.00225591,14.39256918,9.8782844e-05,2.81e-06,34022,1,Reliable
16.90384368,74.054,0.00225432,14.39256998,9.497385e-05,2.69e-06,34022,1,Reliable
6.47971104,74.0541,0.0022518,14.39257506,0.00010626827,3.04e-06,34022,1,Reliable
18.5272284,74.0541,0.00225018,14.39257544,9.9282345e-05,2.83e-06,34022,1,Reliable
12.75442344,74.0543,0.00224754,14.39258501,0.00013090762,3.81e-06,34022,1,Reliable
6.59178552,74.0543,0.00224545,14.39258837,0.0001298128,3.78e-06,34022,1,Reliable
16.76590176,74.0544,0.00224447,14.39259019,0.00013098954,3.81e-06,34022,1,Reliable
10.5655896,74.0544,0.00224135,14.3925964,0.00013447687,3.92e-06,34022,1,Reliable
6.51759216,74.0546,0.00223782,14.39259913,0.00013537871,3.95e-06,34022,1,Reliable
8.05886952,74.0546,0.00223618,14.3926002,0.00012936314,3.76e-06,34022,1,Reliable
8.78649528,74.0546,0.0022353,14.39260402,0.00013532245,3.95e-06,34022,1,Reliable
16.30052904,74.0547,0.0022338,14.39260708,0.00013806,4.03e-06,34022,1,Reliable
6.91160856,74.0547,0.00223122,14.3926117,0.00013241333,3.86e-06,34022,1,Reliable
1.65080208,74.0547,0.0022301,14.39261344,0.00013111,3.82e-06,34022,1,Reliable
23.51160456,74.0547,0.00222971,14.39261408,0.00013102906,3.81e-06,34022,1,Reliable
12.78188376,74.0547,0.00222625,14.39262124,0.00012500148,3.63e-06,34022,1,Reliable
10.57341192,74.0547,0.00222458,14.3926256,0.00012316187,3.57e-06,34022,1,Reliable
23.349324,74.0547,0.00222307,14.39262926,0.00012483715,3.62e-06,34022,1,Reliable
22.9713324,74.0547,0.0022198,14.39263807,0.0001302,3.79e-06,34022,1,Reliable
1.9406688,74.0547,0.0022169,14.39264542,0.00012912,3.76e-06,34022,1,Reliable
6.8921937600000005,74.0547,0.00221677,14.39264721,0.00013799517,4.03e-06,34022,1,Reliable
6.00613248,74.0547,0.00221585,14.39265116,0.00014729366,4.32e-06,34022,1,Reliable
10.46710272,74.0547,0.00221529,14.39265358,0.00014820169,4.35e-06,34022,1,Reliable
12.88444368,74.0547,0.00221334,14.39265632,0.00014567879,4.27e-06,34022,1,Reliable
17.08942944,74.0546,0.0022115,14.39266163,0.00015110984,4.44e-06,34022,1,Reliable
31.29649368,74.0546,0.00220862,14.39266399,0.00013693864,4e-06,34022,1,Reliable
10.45558536,74.0546,0.00220473,14.39267548,0.00014211889,4.16e-06,34022,1,Reliable
12.89552304,74.0546,0.00220316,14.39267713,0.0001312662,3.82e-06,34022,1,Reliable
10.43684136,74.0545,0.00220165,14.39268135,0.00013041975,3.8e-06,34022,1,Reliable
14.712042960000002,74.0545,0.00220093,14.39268315,0.00012116955,3.51e-06,34022,1,Reliable
8.39824992,74.0545,0.0021991,14.39268705,0.00011345,3.27e-06,34022,1,Reliable
6.902186400000001,74.0545,0.00219807,14.39268902,0.00011118032,3.2e-06,34022,1,Reliable
8.0992716,74.0545,0.00219689,14.39269056,0.00010708554,3.07e-06,34022,1,Reliable
1.6557897600000002,74.0545,0.00219659,14.39269273,0.00010325226,2.95e-06,34022,1,Reliable
6.938708159999999,74.0545,0.00219644,14.39269307,0.00010225038,2.92e-06,34022,1,Reliable
25.19754528,74.0545,0.0021951,14.39269483,0.00010067,2.87e-06,34022,1,Reliable
23.35827096,74.0545,0.0021918,14.39270141,9.2415e-05,2.61e-06,34022,1,Reliable
6.46460904,74.0544,0.00218866,14.39270642,8.1339733e-05,2.27e-06,34022,1,Reliable
6.26349168,74.0543,0.0021877,14.39270779,7.8713676e-05,2.19e-06,34022,1,Reliable
6.60127584,74.0543,0.0021873,14.39270961,8.0234e-05,2.23e-06,34022,1,Reliable
5.677504320000001,74.0542,0.00218668,14.39271043,7.603867e-05,2.1e-06,34022,1,Reliable
6.74985768,74.0542,0.00218493,14.39271241,7.9289995e-05,2.21e-06,34022,1,Reliable
12.59350824,74.0542,0.00218437,14.39271379,7.7947251e-05,2.16e-06,34022,1,Reliable
3.99482112,74.0541,0.00218286,14.39271663,7.8197199e-05,2.17e-06,34022,1,Reliable
11.24374584,98.8709,0.00558144,14.95040142,0.0020389745,0.00023012,35243,1,Reliable
24.09310848,98.8747,0.00554859,14.95071375,0.0029518461,0.0003341,35243,1,Reliable
6.423122640000001,98.8726,0.00538721,14.95496481,0.0011020309,0.00012504,35243,1,Reliable
12.8460792,98.8733,0.00540497,14.95501163,0.0010852557,0.00012316,35243,1,Reliable
4.81724616,98.8735,0.00540491,14.95514792,0.0011136744,0.00012646,35243,1,Reliable
19.26768192,98.8726,0.00537201,14.95608698,0.0012007535,0.00013671,35243,1,Reliable
24.08413224,98.8728,0.0053656,14.95630448,0.0011829573,0.00013473,35243,1,Reliable
48.1661832,98.8726,0.00535681,14.95667144,0.0015662405,0.0001789,35243,0,Not Reliable
11.23840008,98.8753,0.00535404,14.95754561,0.001598525,0.00018302,35243,1,Reliable
24.0818976,98.8778,0.00535459,14.95773313,0.001671528,0.00019153,35243,1,Reliable
48.162287760000005,98.8777,0.00535316,14.95806276,0.0015443488,0.00017701,35243,0,Not Reliable
24.07732704,98.874,0.00535238,14.96024969,0.002007309,0.00023179,35243,0,Not Reliable
11.23417872,98.8744,0.0053904,14.96332464,0.00079576,9.201e-05,35243,1,Reliable
48.14560056,98.8748,0.0053646,14.96342721,0.00075866,8.767e-05,35243,1,Reliable
24.0723408,98.8744,0.00535178,14.96380954,0.00076939802,8.9e-05,35243,1,Reliable
24.07194936,98.8743,0.00534805,14.96402883,0.00089766121,0.00010405,35243,1,Reliable
44.93255976,98.8743,0.00534758,14.96433101,0.0012765728,0.00014851,35243,0,Not Reliable
3.20937192,98.8746,0.00534937,14.96522891,0.002188292,0.00025611,35243,1,Reliable
24.06977976,98.8747,0.00534997,14.96525887,0.0019637892,0.0002297,35243,1,Reliable
24.06898848,98.875,0.00535201,14.96583018,0.0024377661,0.00028597,35243,1,Reliable
48.13584,98.8755,0.0053591,14.96624871,0.0018085111,0.00021199,35243,1,Reliable
24.0625908,98.8761,0.00542568,14.9699644,0.0016322731,0.00019321,35243,1,Reliable
24.0618756,98.8757,0.00538298,14.97031463,0.0019711548,0.00023371,35243,1,Reliable
19.249098,98.8749,0.00540202,14.97070411,0.0016689116,0.0001979,35243,1,Reliable
4.81224984,98.8734,0.00545098,14.97087892,0.0010100752,0.00011946,35243,1,Reliable
24.06099912,98.8737,0.00544165,14.97093261,0.0010029608,0.00011861,35243,1,Reliable
24.06068256,98.8709,0.00545646,14.97116139,0.00091482527,0.00010819,35243,1,Reliable
24.06034632,98.8728,0.00545976,14.97137755,0.00094408151,0.00011175,35243,1,Reliable
6.416016480000001,98.8726,0.00546612,14.97159178,0.00099326323,0.00011769,35243,1,Reliable
17.64382104,98.8733,0.00545917,14.97170105,0.0012581358,0.00014939,35243,1,Reliable
24.05935656,98.8732,0.0054603,14.97194308,0.0012309,0.00014622,35243,1,Reliable
30.47468976,98.8737,0.00546487,14.97219466,0.00088787885,0.00010527,35243,1,Reliable
12.83127384,98.8736,0.0054815,14.97248086,0.0010063,0.00011955,35243,1,Reliable
28.86999864,98.8741,0.0054912,14.97259202,0.00097246205,0.00011554,35243,1,Reliable
17.64073968,98.8752,0.00549635,14.97434702,0.0019013547,0.00022807,35243,1,Reliable
35.28031248,98.8751,0.00549424,14.97466259,0.0020979928,0.00025202,35243,1,Reliable
24.05379552,98.8744,0.00548809,14.97532711,0.0020013542,0.00024074,35243,1,Reliable
48.10517328,98.8742,0.005483,14.97581246,0.0020509,0.00024705,35243,1,Reliable
4.808422080000001,98.8775,0.00524194,14.98277208,0.0011520184,0.0001404,35243,1,Reliable
24.04185984,98.877,0.00525096,14.98281768,0.0010536599,0.00012835,35243,1,Reliable
23.08032552,86.3902,0.0022529,14.58193455,0.0010623,4.937e-05,37562,1,Reliable
12.88330608,86.3756,0.0021639,14.58199177,0.0011006,5.114e-05,37562,1,Reliable
35.12564808,86.3772,0.00214006,14.58204378,0.0010857583,5.045e-05,37562,1,Reliable
37.3565748,86.3741,0.0022121,14.58217293,0.0011704,5.44e-05,37562,1,Reliable
58.16159472,86.3741,0.0022326,14.58229578,0.0010683,4.969e-05,37562,0,Not Reliable
12.42533928,86.3736,0.00226716,14.58245546,0.00080709042,3.76e-05,37562,1,Reliable
47.76256656,86.3734,0.00227016,14.58248668,0.00078266089,3.647e-05,37562,1,Reliable
12.46485336,86.3735,0.00234645,14.58289835,0.00075009571,3.501e-05,37562,1,Reliable
59.76033072,86.3737,0.0023545,14.58292935,0.00073615,3.436e-05,37562,1,Reliable
12.26463816,86.374,0.00245003,14.58328911,0.00067782272,3.169e-05,37562,1,Reliable
11.05503984,86.3738,0.00249538,14.58359904,0.0010480297,4.893e-05,37562,1,Reliable
35.32184808,86.3741,0.00250008,14.58363262,0.00096280734,4.497e-05,37562,1,Reliable
24.45224328,86.3742,0.00251669,14.58377523,0.00097341502,4.548e-05,37562,1,Reliable
11.79832656,86.3747,0.0026026,14.58473941,0.00055027,2.587e-05,37562,1,Reliable
47.75249328,86.3745,0.00260784,14.58476903,0.00055866781,2.626e-05,37562,1,Reliable
35.94883992,86.3741,0.0026263,14.58486689,0.0004899,2.306e-05,37562,1,Reliable
59.5575624,86.375,0.00261659,14.58493145,0.00045235852,2.131e-05,37562,1,Reliable
12.65184696,86.3744,0.00240751,14.58635213,0.00056686885,2.671e-05,37562,1,Reliable
47.525238480000006,86.3741,0.00241604,14.58638311,0.0004932428,2.327e-05,37562,1,Reliable
24.93279648,86.3741,0.00238814,14.58645586,0.00034349465,1.628e-05,37562,1,Reliable
22.81528176,86.3746,0.00237223,14.58648727,0.00034103136,1.616e-05,37562,1,Reliable
12.01643304,86.3741,0.0023536,14.58653609,0.00042512,2.009e-05,37562,1,Reliable
47.75030568,86.3741,0.00234868,14.58654801,0.00038388354,1.816e-05,37562,1,Reliable
23.28542808,86.3739,0.00231846,14.5866169,0.00035972329,1.704e-05,37562,1,Reliable
35.09241504,86.3726,0.0022508,14.58676799,0.00042712608,2.019e-05,37562,1,Reliable
12.65539056,86.3722,0.00223239,14.58683671,0.00051022221,2.407e-05,37562,1,Reliable
22.81980576,86.3723,0.00222396,14.58687824,0.00063058472,2.97e-05,37562,1,Reliable
47.51194464,86.3722,0.0021798,14.58707428,0.0005712,2.693e-05,37562,1,Reliable
24.94808784,86.3722,0.00215711,14.58717734,0.0005625024,2.653e-05,37562,1,Reliable
23.0241684,86.3722,0.00214112,14.58722975,0.0005828815,2.749e-05,37562,1,Reliable
11.7955836,86.3721,0.0021316,14.58727597,0.00059627,2.811e-05,37562,1,Reliable
23.07080472,86.3722,0.002126,14.58729874,0.00057361,2.705e-05,37562,1,Reliable
12.65530776,86.3717,0.0021187,14.58735631,0.00065588248,3.091e-05,37562,1,Reliable
12.016123920000002,86.3716,0.00211491,14.58736314,0.0005371931,2.535e-05,37562,1,Reliable
12.92270808,86.3715,0.0021115,14.58739554,0.0005946,2.804e-05,37562,1,Reliable
23.02418664,86.3714,0.0021079,14.58743199,0.00063672,3.001e-05,37562,1,Reliable
47.73917328,86.3712,0.0021022,14.5874766,0.00060009655,2.83e-05,37562,1,Reliable
59.54725008,86.3708,0.00209191,14.58756212,0.00043665631,2.066e-05,37562,1,Reliable
35.93466648,86.3708,0.00208502,14.58766071,0.00036926966,1.751e-05,37562,1,Reliable
11.8111392,86.3708,0.0020833,14.58771046,0.00034841,1.653e-05,37562,1,Reliable
3.63620856,87.9185,0.0002223,13.20811692,3.5349e-05,2.7e-07,49310,1,Reliable
5.45433408,87.9185,0.00022192,13.20811846,0.00021425676,1e-06,49310,1,Reliable
9.0905304,87.9186,0.00022182,13.20811493,7.8222334e-05,4.5e-07,49310,1,Reliable
9.09054288,87.9186,0.0002222,13.20811741,0.00028706813,1.3e-06,49310,1,Reliable
7.2724272,87.9186,0.00022194,13.20811572,0.00019553996,9.3e-07,49310,1,Reliable
5.45432856,87.9187,0.00022478,13.20811625,0.00019989788,9.4e-07,49310,1,Reliable
1.81810896,87.9187,0.0002217,13.2081162,-3.8028e-07,1.3e-07,49310,1,Reliable
7.27241712,87.9187,0.00022171,13.208115,2.0054681e-05,2.1e-07,49310,1,Reliable
1.81810944,87.9187,0.000221,13.20811935,0.00013642,6.8e-07,49310,1,Reliable
5.454325679999999,87.9187,0.00022101,13.2081187,0.00010481203,5.6e-07,49310,1,Reliable
1.8181068,87.9188,0.0002208,13.20811801,-6.7091e-05,-1.4e-07,49310,1,Reliable
5.4543612,87.9188,0.00022075,13.20812008,-0.00022302424,-7.8e-07,49310,1,Reliable
1.81807464,87.9188,0.0002264,13.2080653,0.0024141,9.95e-06,49310,1,Reliable
7.272419760000001,87.9188,0.00022004,13.2081148,-0.00010209665,-2.9e-07,49310,1,Reliable
1.81804776,87.9188,0.0002194,13.20811635,0.00014091,7e-07,49310,1,Reliable
10.9087092,87.9188,0.0002141,13.20819946,-0.0043772364,-1.768e-05,49310,1,Reliable
5.45440488,87.9189,0.0002196,13.2081167,-9.7607e-05,-2.7e-07,49310,1,Reliable
3.63612744,87.9189,0.0002364,13.20800664,0.0058079624,2.376e-05,49310,1,Reliable
5.4543199200000005,87.9189,0.0002175,13.20811764,7.7526e-05,4.5e-07,49310,1,Reliable
9.09054408,87.9189,0.00021713,13.20812043,2.3925034e-05,2.3e-07,49310,1,Reliable
1.81809216,87.919,0.0002172,13.20811921,-4.904e-05,-7e-08,49310,1,Reliable
3.63622464,87.919,0.0002154,13.20814173,-0.0011691,-4.63e-06,49310,1,Reliable
5.45432832,87.919,0.0002156,13.20812246,7.3654e-05,4.3e-07,49310,1,Reliable
7.272432,87.919,0.00021521,13.20811862,0.00019514505,9.2e-07,49310,1,Reliable
3.63622008,87.919,0.0002151,13.20811889,0.00022949,1.06e-06,49310,1,Reliable
5.454335759999999,87.9191,0.00021467,13.2081179,0.00015927108,7.8e-07,49310,1,Reliable
1.81810416,87.9191,0.0002143,13.20811501,-6.2241e-05,-1.2e-07,49310,1,Reliable
19.99917624,87.919,0.0002142,13.2081168,-1.2011e-05,8e-08,49310,1,Reliable
3.63622392,87.9191,0.0002132,13.20812092,0.00011686,6.1e-07,49310,1,Reliable
12.72672096,87.9191,0.00021331,13.20811675,5.3276205e-05,3.5e-07,49310,1,Reliable
9.09056856,87.9191,0.0002134,13.20812815,0.00039351,1.73e-06,49310,1,Reliable
9.09050088,87.9191,0.0002116,13.20811454,-7.294e-05,-1.7e-07,49310,1,Reliable
1.8181128,87.9192,0.0002097,13.20812692,0.00034193,1.52e-06,49310,1,Reliable
3.63621864,87.9192,0.0002089,13.20812383,0.00026752465,1.22e-06,49310,1,Reliable
3.63621024,87.9192,0.000209,13.20812292,6.3517e-05,3.9e-07,49310,1,Reliable
3.63622056,87.9191,0.00020775,13.20812405,6.9566259e-05,4.1e-07,49310,1,Reliable
7.272420960000001,87.9192,0.00020699,13.20812105,-5.5092727e-05,-9e-08,49310,1,Reliable
7.27242744,87.9192,0.00020697,13.20812498,-0.00019775795,-6.7e-07,49310,1,Reliable
5.45431344,87.9193,0.0002058,13.20812038,3.2894e-05,2.6e-07,49310,1,Reliable
16.36297176,87.9193,0.00020578,13.20812487,-4.5261568e-05,-5e-08,49310,1,Reliable
9.09052728,87.9192,0.00020547,13.20812138,-0.00013201871,-4.1e-07,49310,1,Reliable
1.8181008,87.9194,0.00020568,13.20812234,9.9363575e-05,5.3e-07,49310,1,Reliable
1.818126,87.9194,0.0002057,13.20812608,0.00010566,5.6e-07,49310,1,Reliable
12.7267404,87.9194,0.00020413,13.20812016,-0.00022596591,-7.9e-07,49310,1,Reliable
12.72676416,87.9194,0.00020315,13.20812324,0.00012209109,6.3e-07,49310,1,Reliable
10.90864224,87.9194,0.000202,13.20812128,-9.2848e-05,-2.5e-07,49310,1,Reliable
1.8181068,87.9194,0.00020137,13.20812055,0.00019091362,9.1e-07,49310,1,Reliable
5.45431632,87.9195,0.0002014,13.2081221,0.00010406,5.5e-07,49310,1,Reliable
5.45433552,87.9195,0.00020132,13.20812401,0.00021938393,1.02e-06,49310,1,Reliable
9.09053928,87.9194,0.0001998,13.20811968,3.6164e-05,2.8e-07,49310,1,Reliable
1.81809312,87.9194,0.0001995,13.2081177,0.00016834,8.1e-07,49310,1,Reliable
7.2724332,87.9194,0.00019912,13.20812373,0.0002794037,1.27e-06,49310,1,Reliable
7.27242888,87.9194,0.0001988,13.20812284,9.7068e-05,5.2e-07,49310,1,Reliable
10.90863072,87.9194,0.00019886,13.20812344,2.6116878e-05,2.4e-07,49310,1,Reliable
5.45431728,87.9195,0.00019802,13.20812565,0.00018287524,8.7e-07,49310,1,Reliable
7.27244184,87.9196,0.00019798,13.20812642,0.00016935965,8.2e-07,49310,1,Reliable
3.63620424,87.9196,0.00019661,13.20812128,-9.8720944e-05,-2.7e-07,49310,1,Reliable
7.27241304,87.9196,0.0001966,13.20812507,-2.5672e-05,3e-08,49310,1,Reliable
5.4543276,87.9197,0.00019544,13.20812849,0.00015486555,7.6e-07,49310,1,Reliable
5.4543288,87.9197,0.00019508,13.20812457,3.4451588e-05,2.7e-07,49310,1,Reliable
7.2724212,87.9198,0.0001952,13.20812161,-8.876e-05,-2.3e-07,49310,1,Reliable
7.27242768,87.9198,0.0001947,13.20812322,-2.8152e-07,1.3e-07,49310,1,Reliable
10.90863936,87.9199,0.00019432,13.2081239,-7.5973791e-05,-1.8e-07,49310,1,Reliable
10.90864488,87.9199,0.00019293,13.20812428,-1.6081652e-05,6e-08,49310,1,Reliable
7.27242144,87.9199,0.00019268,13.2081236,-1.3546233e-05,7e-08,49310,1,Reliable
3.63622272,87.92,0.0001919,13.20812518,0.00013824,6.9e-07,49310,1,Reliable
7.272425760000001,87.92,0.00019045,13.20812277,1.7808421e-05,2e-07,49310,1,Reliable
5.45432424,87.92,0.0001901,13.20812361,0.000122,6.3e-07,49310,1,Reliable
7.272425760000001,87.92,0.00018997,13.20812322,0.0001213792,6.2e-07,49310,1,Reliable
3.63621096,87.92,0.00018985,13.20812374,0.00027502974,1.25e-06,49310,1,Reliable
1.81811256,87.9201,0.0001886,13.20812879,8.7646e-05,4.9e-07,49310,1,Reliable
10.9086408,87.92,0.00018865,13.20812631,2.4723002e-05,2.3e-07,49310,1,Reliable
1.81811136,87.92,0.00018804,13.20812462,0.0002264326,1.05e-06,49310,1,Reliable
52.72506816,87.92,0.0001879,13.2081232,0.00014078,7e-07,49310,1,Reliable
29.08969584,87.9198,0.00018409,13.20812715,8.6842033e-05,4.8e-07,49310,1,Reliable
10.908639119999998,87.9197,0.00018384,13.20812754,-0.00012182937,-3.7e-07,49310,1,Reliable
25.45349304,87.9197,0.00018522,13.20812817,-0.00016510341,-5.4e-07,49310,1,Reliable
7.272416160000001,87.9198,0.00018485,13.2081265,5.5125788e-05,3.5e-07,49310,1,Reliable
3.63622776,87.9198,0.00018184,13.20813146,0.00015923783,7.8e-07,49310,1,Reliable
14.54485536,87.9198,0.0001796,13.20812718,-2.6316e-05,2e-08,49310,1,Reliable
5.4543072,87.92,0.00017724,13.20812584,7.6078149e-05,4.4e-07,49310,1,Reliable
3.63622824,87.92,0.00017791,13.20813098,0.00023129348,1.07e-06,49310,1,Reliable
3.63620904,87.9199,0.0001766,13.20812497,8.858e-05,4.9e-07,49310,1,Reliable
9.09052752,87.9197,0.00017267,13.20812712,8.21308e-05,4.6e-07,49310,1,Reliable
1.8180996,87.9197,0.0001728,13.20813096,3.48e-05,2.7e-07,49310,1,Reliable
5.45431128,87.9197,0.0001729,13.20813324,0.00011028371,5.8e-07,49310,1,Reliable
7.272436560000001,87.9197,0.000173,13.20813521,0.00016603,8.1e-07,49310,1,Reliable
9.09053016,87.9197,0.0001717,13.20812977,-1.6547678e-05,6e-08,49310,1,Reliable
1.81810704,87.9197,0.0001701,13.20812558,0.00018907,9e-07,49310,1,Reliable
5.45430552,87.9197,0.00016926,13.20812996,-0.00010792455,-3.1e-07,49310,1,Reliable
10.9086336,87.9197,0.0001699,13.20813394,1.1315309e-05,1.8e-07,49310,1,Reliable
32.72590296,87.9197,0.00016962,13.2081327,-2.5718539e-05,3e-08,49310,1,Reliable
9.09052464,87.9197,0.00016767,13.20813013,0.00020246481,9.5e-07,49310,1,Reliable
10.91033256,87.9197,0.00016581,13.20813628,-1.6350348e-05,6e-08,49310,0,Not Reliable
8.43020184,87.9205,0.00076091,13.20775083,-0.0083417057,-3.378e-05,49310,0,Not Reliable
3.99999984,87.9206,0.0001639,13.2081407,-0.017436,-7.075e-05,49310,1,Reliable
0.28994688,87.9205,0.00016697,13.20796978,0.09783813,0.00039984,49310,0,Not Reliable
14.54979504,87.927,9.714e-05,13.21045332,0.059471654,0.00024357,49310,0,Not Reliable
5.454325440000001,87.9198,0.00016808,13.2081325,0.00028815752,1.3e-06,49310,1,Reliable
3.63593688,87.9225,0.00015712,13.20813776,0.0026248068,1.081e-05,49310,0,Not Reliable
36.36234672,87.9261,0.00015031,13.20806226,0.023471704,9.571e-05,49310,0,Not Reliable
7.27240968,87.9194,0.00016383,13.20813247,0.00029046963,1.31e-06,49310,1,Reliable
7.27242864,87.9194,0.00016402,13.20813848,0.00020863982,9.8e-07,49310,1,Reliable
12.72672384,87.9195,0.00016275,13.20813558,-1.7131731e-05,6e-08,49310,1,Reliable
10.90863696,87.9195,0.00016245,13.20813889,4.2693945e-05,3e-07,49310,1,Reliable
12.72672672,87.9194,0.0001625,13.20813542,-0.00014164,-4.5e-07,49310,1,Reliable
9.09052896,87.9194,0.00016309,13.20813392,0.00023782301,1.1e-06,49310,1,Reliable
12.72672888,87.9194,0.0001637,13.20813796,-0.00019062,-6.5e-07,49310,1,Reliable
12.72674568,87.9194,0.00016402,13.20813781,9.5540308e-05,5.2e-07,49310,1,Reliable
10.90862952,87.9194,0.0001631,13.20813651,9.7279e-06,1.7e-07,49310,1,Reliable
12.72674352,87.9194,0.00016259,13.20813666,0.00016539742,8e-07,49310,1,Reliable
10.90862688,87.9195,0.00016202,13.20813758,-7.78854e-06,1e-07,49310,1,Reliable
10.90863048,87.9195,0.00016043,13.20813765,0.00016909172,8.2e-07,49310,1,Reliable
12.7267332,87.9195,0.0001604,13.20813845,0.00014336,7.1e-07,49310,1,Reliable
38.18019744,87.9196,0.00016043,13.20813924,8.6825104e-05,4.8e-07,49310,1,Reliable
9.09050784,87.9181,0.00015302,13.2081359,-0.00032136586,-1.18e-06,49310,1,Reliable
10.90864152,87.9177,0.00015587,13.208141,5.539067e-05,3.6e-07,49310,1,Reliable
3.63619632,87.9189,0.00015641,13.20813693,-0.00017109722,-5.7e-07,49310,1,Reliable
10.90863816,87.9196,0.0001568,13.20813983,7.7977e-06,1.6e-07,49310,1,Reliable
12.72672648,87.9187,0.00015822,13.20813838,-9.1523232e-05,-2.4e-07,49310,1,Reliable
10.90863312,87.9187,0.0001591,13.20814229,9.6324e-05,5.2e-07,49310,1,Reliable
7.272419279999999,87.919,0.0001582,13.20814107,0.00012841,6.5e-07,49310,1,Reliable
5.45431872,87.9189,0.00015882,13.20814175,0.00016005,7.8e-07,49310,1,Reliable
10.9086288,87.9189,0.00015877,13.20814198,6.7389494e-05,4e-07,49310,1,Reliable
1.81811016,87.9189,0.000158,13.20814046,0.0002448,1.13e-06,49310,1,Reliable
21.81724752,87.9188,0.00015853,13.20813947,0.00011641491,6e-07,49310,1,Reliable
1.81811184,87.9186,0.0001623,13.20814481,0.00015489,7.6e-07,49310,1,Reliable
9.09052752,87.9186,0.00016135,13.20814068,0.0001506273,7.4e-07,49310,1,Reliable
12.72670008,87.9186,0.00016315,13.20813881,4.2858267e-05,3e-07,49310,1,Reliable
12.72674568,87.9185,0.00016145,13.2081492,0.00025934202,1.18e-06,49310,1,Reliable
12.72670992,87.9186,0.0001612,13.2081421,-0.00013898478,-4.4e-07,49310,1,Reliable
1.81811736,87.9184,0.00015954,13.20814509,9.7227717e-05,5.3e-07,49310,1,Reliable
21.81722616,87.9183,0.00015849,13.20813983,-0.0001143388,-3.4e-07,49310,1,Reliable
1.8181032,87.9181,0.00015904,13.20814718,2.9582129e-05,2.5e-07,49310,1,Reliable
10.90862112,87.9182,0.00015964,13.20814685,1.969752e-05,2.1e-07,49310,1,Reliable
10.90863648,87.9178,0.0001524,13.2081466,0.00013307,6.7e-07,49310,1,Reliable
7.272426960000001,87.9177,0.00015783,13.20814419,-4.1509933e-05,-4e-08,49310,1,Reliable
5.454297840000001,87.9178,0.00015689,13.20813972,-4.2394697e-05,-4e-08,49310,1,Reliable
10.90863024,87.9179,0.00015712,13.20814758,7.0243792e-05,4.2e-07,49310,1,Reliable
7.27241808,87.9177,0.00015839,13.20814684,1.3875404e-05,1.9e-07,49310,1,Reliable
16.362936,87.9178,0.00015928,13.20814596,2.9749721e-05,2.5e-07,49310,1,Reliable
7.27241688,87.9176,0.00016034,13.20814649,0.00012204487,6.3e-07,49310,1,Reliable
18.18101496,87.918,0.0001623,13.20814453,0.00015714049,7.7e-07,49310,1,Reliable
25.4534592,87.918,0.00016191,13.20815404,0.00020718541,9.7e-07,49310,1,Reliable
23.63532672,87.918,0.00016279,13.20814636,-5.8558989e-05,-1.1e-07,49310,1,Reliable
21.8172396,87.9176,0.00016508,13.20815086,-3.0856825e-05,0.0,49310,1,Reliable
10.90862568,87.9178,0.00017054,13.20815142,4.503631e-06,1.5e-07,49310,1,Reliable
12.72672576,87.9175,0.00016536,13.20815191,-3.2366492e-05,0.0,49310,1,Reliable
1.81810512,87.9174,0.00016361,13.2081498,0.00018210857,8.7e-07,49310,1,Reliable
16.36292472,87.9173,0.00016356,13.20815277,-4.449277e-05,-5e-08,49310,1,Reliable
7.2724224,87.9172,0.00016641,13.20815376,0.00027122329,1.23e-06,49310,1,Reliable
16.3629204,87.9171,0.0001679,13.20815068,0.00020439,9.6e-07,49310,1,Reliable
7.27240608,87.917,0.0001701,13.20815587,0.00021079,9.9e-07,49310,1,Reliable
5.45430096,87.9171,0.0001708,13.20815756,0.00025588377,1.17e-06,49310,1,Reliable
19.99913712,87.9171,0.00017146,13.20815957,0.00029751336,1.34e-06,49310,1,Reliable
12.72670656,87.9172,0.00017357,13.2081529,0.00018339344,8.8e-07,49310,1,Reliable
19.99912176,87.9169,0.0001708,13.20815502,0.0001642,8e-07,49310,1,Reliable
1.81810224,87.9168,0.00016982,13.20815769,-5.0083603e-05,-7e-08,49310,1,Reliable
5.45431176,87.9168,0.0001695,13.20815556,6.8771e-05,4.1e-07,49310,1,Reliable
9.090498,87.9167,0.00017023,13.20815916,-0.00025116164,-8.9e-07,49310,1,Reliable
7.27241256,87.9167,0.00017043,13.20816352,-0.00012358691,-3.7e-07,49310,1,Reliable
3.63620688,87.9166,0.00017096,13.20816104,-0.00010024995,-2.8e-07,49310,1,Reliable
9.0905136,87.9166,0.00017101,13.20815775,3.1913599e-05,2.6e-07,49310,1,Reliable
1.8181008,87.9166,0.000172,13.20815768,5.5326e-05,3.5e-07,49310,1,Reliable
5.4543084,87.9166,0.00017235,13.20815885,6.6872651e-05,4e-07,49310,1,Reliable
5.454309360000001,87.9166,0.00017256,13.20815935,3.6064636e-05,2.8e-07,49310,1,Reliable
18.18099768,87.9165,0.00017342,13.20815826,8.1558126e-05,4.6e-07,49310,1,Reliable
7.27242312,87.9164,0.00017583,13.20816936,0.00042155724,1.85e-06,49310,1,Reliable
36.36204312,87.9163,0.00017579,13.20816347,0.00023230547,1.08e-06,49310,1,Reliable
9.0904908,87.9161,0.00017947,13.20816259,-0.00027053015,-9.7e-07,49310,1,Reliable
14.54481072,87.916,0.00018085,13.20816647,-9.6019175e-05,-2.6e-07,49310,1,Reliable
9.09050256,87.916,0.00018342,13.20816074,8.0193868e-05,4.6e-07,49310,1,Reliable
1.81810032,87.9159,0.00018374,13.208165,-0.00010614577,-3e-07,49310,1,Reliable
12.72670848,87.9159,0.00018404,13.20816512,-9.1287831e-05,-2.4e-07,49310,1,Reliable
10.90860768,87.9158,0.00018614,13.20816408,-0.00010059309,-2.8e-07,49310,1,Reliable
12.72670248,87.9158,0.0001865,13.20816677,-0.00013674,-4.3e-07,49310,1,Reliable
7.27242216,87.9158,0.00019,13.20816974,0.0001069,5.6e-07,49310,1,Reliable
3.63620568,87.9158,0.0001913,13.20816353,-4.2434e-06,1.1e-07,49310,1,Reliable
12.72669744,87.9157,0.0001916,13.20816245,3.506384e-05,2.7e-07,49310,1,Reliable
9.09052584,87.9157,0.0001932,13.20817109,0.00013063,6.6e-07,49310,1,Reliable
1.81810848,87.9157,0.0001939,13.2081608,0.00017827,8.6e-07,49310,1,Reliable
12.72669144,87.9157,0.0001936,13.20815995,-2.0504e-05,5e-08,49310,1,Reliable
9.09050616,87.9156,0.0001933,13.20816701,0.00027208,1.24e-06,49310,1,Reliable
3.6362052,87.9155,0.0001942,13.20816807,0.00015971,7.8e-07,49310,1,Reliable
12.72669504,87.9154,0.00019432,13.20816791,2.9931638e-05,2.5e-07,49310,1,Reliable
7.27240632,87.9154,0.00019274,13.20817186,8.548254e-06,1.6e-07,49310,1,Reliable
3.63619248,87.9154,0.0001934,13.20816987,-6.7279e-05,-1.4e-07,49310,1,Reliable
12.72670224,87.9154,0.0001931,13.20817145,0.00010618,5.6e-07,49310,1,Reliable
7.27240632,87.9153,0.000195,13.2081714,-2.6151e-05,2e-08,49310,1,Reliable
1.81809288,87.9153,0.0001958,13.20816902,-0.00011984,-3.6e-07,49310,1,Reliable
14.5448004,87.9153,0.00019586,13.208172,-6.4422672e-05,-1.3e-07,49310,1,Reliable
10.9086,87.9152,0.0001989,13.20817061,-7.8423e-05,-1.9e-07,49310,1,Reliable
12.72670272,87.9151,0.0001996,13.20817179,-1.5031505e-05,7e-08,49310,1,Reliable
9.09051384,87.9151,0.00020124,13.20817167,4.467044e-06,1.5e-07,49310,1,Reliable
1.81809432,87.915,0.00020318,13.20816755,-4.4277614e-05,-5e-08,49310,1,Reliable
12.72670008,87.915,0.00020269,13.20817111,-2.4671929e-05,3e-08,49310,1,Reliable
9.09050184,87.915,0.0002034,13.20817264,0.00014201,7.1e-07,49310,1,Reliable
7.272414240000001,87.9149,0.00020287,13.20817358,0.00018186787,8.7e-07,49310,1,Reliable
5.45429592,87.9149,0.00020312,13.20817075,5.423665e-06,1.5e-07,49310,1,Reliable
1.8180984,87.9148,0.000203,13.20817243,0.00012467,6.4e-07,49310,1,Reliable
5.454303840000001,87.9148,0.00020285,13.20817268,0.00018699644,8.9e-07,49310,1,Reliable
10.90860072,87.9147,0.00020384,13.20817202,0.00011244387,5.9e-07,49310,1,Reliable
7.272386640000001,87.9147,0.00020437,13.20817296,0.00012498476,6.4e-07,49310,1,Reliable
23.63530176,87.9147,0.00020427,13.20817724,0.00031268296,1.4e-06,49310,1,Reliable
9.0905052,87.9146,0.00020599,13.20817597,0.00011156682,5.8e-07,49310,1,Reliable
3.63620664,87.9147,0.00020744,13.20817288,-1.8827903e-05,5e-08,49310,1,Reliable
10.9085832,87.9146,0.0002073,13.20817111,-0.00020345332,-7e-07,49310,1,Reliable
5.45431704,87.9146,0.0002064,13.20817593,-2.2036e-05,4e-08,49310,1,Reliable
3.6361956,87.9146,0.00020634,13.20816749,-0.00016323338,-5.3e-07,49310,1,Reliable
27.27149112,87.9145,0.00020834,13.20817054,-0.00019047458,-6.5e-07,49310,1,Reliable
14.54480928,87.9141,0.00021081,13.208177,1.6729919e-05,2e-07,49310,1,Reliable
10.90860888,87.9143,0.00021476,13.20817146,0.0002596599,1.19e-06,49310,1,Reliable
9.0905088,87.9143,0.00021376,13.20817427,7.2752932e-05,4.3e-07,49310,1,Reliable
10.90860168,87.9143,0.00021451,13.20817219,6.1305263e-05,3.8e-07,49310,1,Reliable
12.72669864,87.9143,0.00021442,13.20817209,0.0001367669,6.9e-07,49310,1,Reliable
23.63529648,87.9142,0.00021545,13.20817408,0.00019982273,9.4e-07,49310,1,Reliable
30.90763128,87.9141,0.0002158,13.20817628,8.3086452e-05,4.7e-07,49310,1,Reliable
19.99914984,87.914,0.00024042,13.2081975,0.00079401219,3.36e-06,49310,1,Reliable
9.09050664,87.9134,0.00020785,13.20817585,-3.9156832e-05,-3e-08,49310,1,Reliable
14.54479704,87.9136,0.00021674,13.20817773,-0.00017308391,-5.7e-07,49310,1,Reliable
9.09049728,87.9136,0.00021742,13.20817728,-0.00010833645,-3.1e-07,49310,1,Reliable
14.54479776,87.9137,0.00022062,13.20817771,2.8706311e-05,2.5e-07,49310,1,Reliable
9.09050568,87.9137,0.00022443,13.20817883,0.00018496155,8.8e-07,49310,1,Reliable
14.54480856,87.9138,0.00022606,13.20817741,0.00010078522,5.4e-07,49310,1,Reliable
9.09049032,87.9138,0.00023115,13.20817205,8.4946296e-05,4.8e-07,49310,1,Reliable
14.54479584,87.9138,0.00023229,13.20817609,0.0002108335,9.9e-07,49310,1,Reliable
9.0904884,87.9135,0.00023187,13.20817946,-3.9213827e-05,-3e-08,49310,1,Reliable
1.81809624,87.9134,0.0002331,13.20818167,7.1185e-06,1.6e-07,49310,1,Reliable
5.45431176,87.9133,0.00023352,13.20818093,0.00014411142,7.2e-07,49310,1,Reliable
7.27238328,87.9133,0.00023013,13.20817568,-2.8933371e-05,1e-08,49310,1,Reliable
5.454287760000001,87.9134,0.0002309,13.20818025,0.00011856,6.1e-07,49310,1,Reliable
5.454314640000001,87.9134,0.00023141,13.20818306,0.00020954515,9.8e-07,49310,1,Reliable
7.27240536,87.9134,0.00023126,13.20817709,-0.00014037735,-4.4e-07,49310,1,Reliable
5.45427288,87.9134,0.00023095,13.20817166,-0.00012879014,-3.9e-07,49310,1,Reliable
1.81810872,87.9133,0.000229,13.2081853,-0.00016553,-5.4e-07,49310,1,Reliable
9.09049608,87.9132,0.00022887,13.2081815,-0.00031349415,-1.15e-06,49310,1,Reliable
1.81809864,87.9132,0.0002296,13.20817947,-0.00022477963,-7.8e-07,49310,1,Reliable
10.90860744,87.9133,0.00022915,13.20817687,-5.4310496e-05,-9e-08,49310,1,Reliable
10.90859016,87.9133,0.00023007,13.2081719,2.2193958e-05,2.2e-07,49310,1,Reliable
7.27240368,87.9133,0.00023186,13.20817768,3.5785225e-05,2.8e-07,49310,1,Reliable
16.3629012,87.9132,0.00023193,13.20817623,-2.0983763e-05,4e-08,49310,1,Reliable
12.72670632,87.9132,0.00023379,13.20817589,0.00016964338,8.2e-07,49310,1,Reliable
10.90859208,87.9133,0.0002356,13.20817573,0.0001047,5.6e-07,49310,1,Reliable
19.99910448,87.9133,0.00023607,13.20817959,0.00017812438,8.5e-07,49310,1,Reliable
3.63619368,87.9134,0.00023721,13.20817611,7.6812948e-05,4.4e-07,49310,1,Reliable
1.81809072,87.9134,0.0002378,13.2081791,8.6854e-05,4.8e-07,49310,1,Reliable
5.45429928,87.9131,0.00023755,13.20818107,0.00029215384,1.32e-06,49310,1,Reliable
18.18099648,87.9132,0.00023826,13.20818001,0.0002200435,1.03e-06,49310,1,Reliable
1.81809528,87.9132,0.0002394,13.20817683,9.2981e-05,5.1e-07,49310,1,Reliable
12.767502,87.9106,0.00019459,13.1659425,0.00022369298,9.8e-07,56047,1,Reliable
10.94357928,87.9103,0.00019128,13.16594231,9.2280259e-05,4.8e-07,56047,1,Reliable
3.647839920000001,87.9105,0.000193,13.16593737,0.00019404069,8.7e-07,56047,1,Reliable
10.94357904,87.9104,0.00020017,13.16594809,-0.00010780579,-2.8e-07,56047,1,Reliable
10.94355936,87.9106,0.00020117,13.16593471,0.0002131154,9.4e-07,56047,1,Reliable
9.11963712,87.9106,0.00020102,13.16593764,0.00048564426,1.99e-06,56047,1,Reliable
27.35900592,87.9097,0.0001949,13.16594053,0.0004734,1.94e-06,56047,1,Reliable
18.23905464,87.9114,0.0002207,13.16590843,-0.0010428,-3.86e-06,56047,0,Not Reliable
10.94372664,87.9106,0.0002582,13.16599624,0.0018386,7.16e-06,56047,0,Not Reliable
12.767454,87.9109,0.00021184,13.16592411,-0.00046803287,-1.66e-06,56047,1,Reliable
10.94354256,87.9119,0.0002003,13.1659322,0.00023114135,1.01e-06,56047,1,Reliable
12.76749432,87.9104,0.00020451,13.16597862,-0.0021743098,-8.18e-06,56047,1,Reliable
5.47178808,87.9099,0.0002038,13.16594401,7.0821e-06,1.6e-07,56047,1,Reliable
10.94355552,87.9101,0.0002037,13.16594213,-0.00012014,-3.3e-07,56047,1,Reliable
1.8239232,87.91,0.0002044,13.16594751,-4.9129e-05,-6e-08,56047,1,Reliable
5.4717816,87.9101,0.00020459,13.16594911,-9.494022e-06,9e-08,56047,1,Reliable
7.29573048,87.9101,0.0002053,13.16594861,-3.444e-06,1.2e-07,56047,1,Reliable
9.11962296,87.9101,0.0002057,13.1659432,-0.00042964,-1.51e-06,56047,1,Reliable
1.823928,87.9101,0.0002059,13.16594665,-6.3133e-05,-1.1e-07,56047,1,Reliable
5.47177656,87.9101,0.00020597,13.16594608,-4.6341689e-05,-5e-08,56047,1,Reliable
5.47179432,87.9101,0.0002067,13.16594822,5.397501e-05,3.3e-07,56047,1,Reliable
5.47177584,87.9103,0.00020447,13.16594469,-0.00011758868,-3.2e-07,56047,1,Reliable
7.295713920000001,87.9102,0.000205,13.16594988,-0.00021614,-7e-07,56047,1,Reliable
5.471773440000001,87.9103,0.00020422,13.16594328,0.00016012517,7.4e-07,56047,1,Reliable
3.64785408,87.9103,0.000205,13.16594827,0.00019393,8.7e-07,56047,1,Reliable
14.5914216,87.9102,0.00020463,13.16594975,0.00011918251,5.8e-07,56047,1,Reliable
9.11964504,87.9101,0.00020623,13.16594763,0.00018579195,8.4e-07,56047,1,Reliable
1.82392896,87.9101,0.00020598,13.1659442,6.9822619e-05,4e-07,56047,1,Reliable
1.8239208,87.9101,0.0002056,13.16594389,2.1429e-05,2.1e-07,56047,1,Reliable
10.94356368,87.91,0.00020587,13.16594537,0.00014831299,7e-07,56047,1,Reliable
25.53497112,87.91,0.00020711,13.16594359,0.00027208054,1.17e-06,56047,1,Reliable
9.11963376,87.91,0.00020808,13.16594592,0.0001373501,6.5e-07,56047,1,Reliable
1.82393496,87.91,0.00020878,13.16594436,0.00016205143,7.5e-07,56047,1,Reliable
5.471773440000001,87.9099,0.0002093,13.16594133,2.2227e-05,2.1e-07,56047,1,Reliable
5.47177512,87.9099,0.00021004,13.16594403,8.094753e-05,4.4e-07,56047,1,Reliable
1.82392152,87.9099,0.0002104,13.16594501,0.00016429,7.6e-07,56047,1,Reliable
5.4717888,87.9099,0.00021103,13.16594619,0.00027785263,1.19e-06,56047,1,Reliable
3.6478524,87.9099,0.0002116,13.16594318,6.118e-05,3.6e-07,56047,1,Reliable
12.76747032,87.9099,0.00021187,13.16594409,8.953638e-06,1.6e-07,56047,1,Reliable
10.9435788,87.9099,0.00021326,13.16595121,6.772594e-06,1.5e-07,56047,1,Reliable
7.2957084,87.9099,0.0002134,13.16594267,-0.00019419424,-6.1e-07,56047,1,Reliable
7.29567696,87.91,0.00021462,13.16594189,-0.00015044709,-4.5e-07,56047,1,Reliable
5.471790960000001,87.91,0.00021465,13.16595516,7.2804281e-05,4.1e-07,56047,1,Reliable
3.64785864,87.9101,0.0002145,13.16595024,-6.5798e-05,-1.2e-07,56047,1,Reliable
1.82393376,87.9102,0.00021457,13.16594762,-5.1738399e-05,-7e-08,56047,1,Reliable
10.94355096,87.9101,0.0002142,13.16594556,-0.00019729,-6.3e-07,56047,1,Reliable
14.59141752,87.9102,0.0002143,13.16594963,-0.00012704918,-3.6e-07,56047,1,Reliable
9.11962728,87.91,0.00021509,13.16594846,-5.1687816e-05,-7e-08,56047,1,Reliable
7.29568656,87.9099,0.00021546,13.16595155,7.9947788e-05,4.3e-07,56047,1,Reliable
5.47181112,87.9099,0.00021645,13.16595995,0.00024035714,1.05e-06,56047,1,Reliable
5.47177176,87.9098,0.0002159,13.16594716,-2.9809e-05,1e-08,56047,1,Reliable
5.4717852,87.9097,0.0002156,13.16595243,-9.2703e-06,9e-08,56047,1,Reliable
10.94355456,87.9097,0.0002155,13.16594808,0.00012652,6.1e-07,56047,1,Reliable
3.64784376,87.9097,0.00021505,13.16595236,1.729964e-05,1.9e-07,56047,1,Reliable
18.23927496,87.9097,0.00021476,13.16595164,0.00035848744,1.5e-06,56047,1,Reliable
47.42207496,87.9097,0.0002176,13.16594913,0.00010834,5.4e-07,56047,1,Reliable
34.65457872,87.909,0.00022169,13.16594882,1.5441371e-05,1.9e-07,56047,1,Reliable
7.29570672,87.9093,0.0002229,13.16595159,4.108007e-05,2.9e-07,56047,1,Reliable
23.71102464,87.9093,0.00022544,13.16595344,-0.00021586976,-7e-07,56047,1,Reliable
9.11964168,87.9095,0.00022266,13.16595728,0.00018743691,8.5e-07,56047,1,Reliable
1.82393184,87.9093,0.00022244,13.16595363,4.0325192e-05,2.8e-07,56047,1,Reliable
12.7674936,87.9094,0.0002227,13.16595342,-0.0002072,-6.6e-07,56047,1,Reliable
10.94354328,87.9094,0.00022262,13.16594858,-0.00013056636,-3.7e-07,56047,1,Reliable
1.82393088,87.9093,0.00022234,13.16595452,0.00017956315,8.1e-07,56047,1,Reliable
3.6478584,87.9091,0.0002222,13.16595435,-3.693e-06,1.1e-07,56047,1,Reliable
7.29568896,87.9091,0.00022307,13.16595249,-5.6926199e-05,-9e-08,56047,1,Reliable
5.47179168,87.909,0.00022309,13.16596037,4.7358076e-05,3.1e-07,56047,1,Reliable
10.94354784,87.9091,0.0002231,13.1659548,-8.391e-05,-1.9e-07,56047,1,Reliable
9.11963808,87.909,0.00022506,13.16595836,0.00012896089,6.2e-07,56047,1,Reliable
9.11962728,87.9089,0.0002232,13.16595671,-7.9846e-06,1e-07,56047,1,Reliable
21.88711944,87.9088,0.0002236,13.16595724,7.1442863e-05,4e-07,56047,1,Reliable
25.534974,87.9089,0.0002259,13.16594987,0.00013737,6.5e-07,56047,1,Reliable
12.76750512,87.9089,0.00022475,13.16594461,-0.0002827796,-9.5e-07,56047,1,Reliable
1.8239172,87.9089,0.0002248,13.16593504,-0.0003647,-1.27e-06,56047,1,Reliable
5.47177392,87.9089,0.0002248,13.16594109,-0.00039554119,-1.38e-06,56047,1,Reliable
10.943568720000002,87.9089,0.0002252,13.16594344,-0.00031573,-1.08e-06,56047,1,Reliable
7.295702639999999,87.9088,0.00022566,13.16593681,-0.00016582423,-5.1e-07,56047,1,Reliable
16.41536592,87.9089,0.00022626,13.16594145,-0.00023697146,-7.8e-07,56047,1,Reliable
29.18284656,87.9087,0.0002266,13.16592895,-3.7219e-05,-1e-08,56047,1,Reliable
10.94355264,87.9092,0.00022519,13.16593424,-0.00010215847,-2.6e-07,56047,1,Reliable
7.29572232,87.9087,0.00022477,13.16594189,6.7531231e-05,3.9e-07,56047,1,Reliable
5.47179648,87.9087,0.00022682,13.16594041,-0.00015628641,-4.7e-07,56047,1,Reliable
3.64785384,87.9087,0.00022762,13.16593644,-0.00025962568,-8.6e-07,56047,1,Reliable
14.5914264,87.9084,0.00022838,13.16593785,-0.00019763214,-6.3e-07,56047,1,Reliable
7.29571512,87.9084,0.0002296,13.1659352,0.00016487,7.6e-07,56047,1,Reliable
1.82393112,87.9083,0.0002297,13.16593562,0.00015783,7.3e-07,56047,1,Reliable
10.94356416,87.9083,0.00022969,13.16593731,-7.7090304e-05,-1.7e-07,56047,1,Reliable
10.94356968,87.9082,0.0002306,13.16593895,0.00010745,5.4e-07,56047,1,Reliable
31.00677744,87.9082,0.00023121,13.16593871,0.00015189774,7.1e-07,56047,1,Reliable
3.64786176,87.908,0.000234,13.16593604,0.0002432,1.06e-06,56047,1,Reliable
1.82391744,87.9078,0.00023061,13.16593493,4.3108646e-05,2.9e-07,56047,1,Reliable
21.887136,87.9079,0.00023015,13.16593958,0.0001323034,6.3e-07,56047,1,Reliable
36.4785576,87.908,0.00023189,13.16593743,0.00012978919,6.2e-07,56047,1,Reliable
10.94356728,87.9079,0.0002332,13.16593584,-8.1527e-05,-1.8e-07,56047,1,Reliable
1.8239256,87.9079,0.000234,13.16593752,-0.00020636,-6.6e-07,56047,1,Reliable
10.9435656,87.908,0.0002349,13.16593865,-0.00019258145,-6.1e-07,56047,1,Reliable
10.94356008,87.9083,0.00023011,13.16593594,-5.5282489e-05,-8e-08,56047,1,Reliable
1.8239328,87.9088,0.0002337,13.16594191,-8.1021e-05,-1.8e-07,56047,1,Reliable
1.82392656,87.9086,0.00023421,13.16593955,-0.00012869327,-3.6e-07,56047,1,Reliable
9.119639759999998,87.9087,0.0002343,13.16594009,-0.00011591,-3.1e-07,56047,1,Reliable
10.94356416,87.9085,0.00023347,13.16594065,-0.00010376785,-2.7e-07,56047,1,Reliable
14.5914276,87.9085,0.00023435,13.16594238,-1.6345572e-05,7e-08,56047,1,Reliable
12.76749744,87.9082,0.0002347,13.1659404,-2.4952e-05,3e-08,56047,1,Reliable
12.76749768,87.9084,0.0002339,13.16594164,1.828609e-05,2e-07,56047,1,Reliable
9.11962008,87.908,0.0002329,13.16593633,0.00017266,7.9e-07,56047,1,Reliable
5.47178568,87.908,0.00023112,13.16594345,0.00041624604,1.72e-06,56047,1,Reliable
7.2957216,87.9079,0.00023126,13.16594186,0.00038769786,1.61e-06,56047,1,Reliable
5.47178784,87.9079,0.0002321,13.16593795,0.00027629,1.18e-06,56047,1,Reliable
5.47176504,87.9078,0.00023106,13.16594044,-0.00012902901,-3.6e-07,56047,1,Reliable
1.8239244,87.9077,0.00023123,13.16594517,0.00017604286,8e-07,56047,1,Reliable
10.94357496,87.9078,0.0002309,13.16594305,0.00037491,1.56e-06,56047,1,Reliable
10.94356176,87.9077,0.00023215,13.16593887,0.0002105334,9.3e-07,56047,1,Reliable
14.59141104,87.9078,0.00023306,13.1659396,0.00010813176,5.4e-07,56047,1,Reliable
9.11964072,87.9078,0.00023345,13.16594083,0.000114819,5.7e-07,56047,1,Reliable
7.29570936,87.9077,0.00023331,13.16593763,-1.352962e-05,8e-08,56047,1,Reliable
7.295696639999999,87.9077,0.00023387,13.16593835,-0.00016747089,-5.1e-07,56047,1,Reliable
9.11963472,87.9079,0.0002331,13.16594266,-7.5038231e-05,-1.6e-07,56047,1,Reliable
7.29571152,87.9079,0.00023352,13.16594228,-9.8157447e-05,-2.5e-07,56047,1,Reliable
12.767499119999998,87.9079,0.000234,13.16594041,-0.00013647,-3.9e-07,56047,1,Reliable
18.23925816,87.908,0.0002335,13.16593764,-0.00035640872,-1.23e-06,56047,1,Reliable
29.18283504,87.9081,0.00023421,13.16594349,-0.00015727708,-4.7e-07,56047,1,Reliable
10.94356728,87.9083,0.00023164,13.16594518,1.417876e-05,1.8e-07,56047,1,Reliable
12.76750344,87.9082,0.00023266,13.16594798,-0.00015150324,-4.5e-07,56047,1,Reliable
23.71103736,87.9082,0.0002307,13.16594104,-5.8328812e-05,-9e-08,56047,1,Reliable
5.4717804,87.9078,0.00022982,13.16594868,0.00027561937,1.18e-06,56047,1,Reliable
23.71106088,87.9078,0.00022934,13.16594866,0.00029614113,1.26e-06,56047,1,Reliable
20.0631912,87.9074,0.00022755,13.16594226,0.0003306835,1.39e-06,56047,1,Reliable
18.23925216,87.9076,0.00023049,13.16594393,0.0001159203,5.7e-07,56047,1,Reliable
23.71104024,87.9075,0.00023082,13.16594639,0.00021883964,9.7e-07,56047,1,Reliable
23.71104288,87.9076,0.00023039,13.16594545,9.6418173e-05,5e-07,56047,1,Reliable
21.88711344,87.9076,0.0002246,13.16594733,-0.0001258,-3.5e-07,56047,1,Reliable
1.82392824,87.9077,0.00022971,13.16594936,-0.00013020222,-3.7e-07,56047,1,Reliable
36.47852520000001,87.9081,0.00021333,13.16595018,-9.0088759e-05,-2.2e-07,56047,1,Reliable
9.11962584,87.9081,0.00022795,13.16595281,-5.8686693e-05,-1e-07,56047,1,Reliable
7.2956976,87.9081,0.00022769,13.16595509,6.3554385e-05,3.7e-07,56047,1,Reliable
5.4717914400000005,87.9081,0.00022855,13.16595743,0.00018654091,8.4e-07,56047,1,Reliable
10.94355624,87.9081,0.00022739,13.16595272,3.4562718e-05,2.6e-07,56047,1,Reliable
3.6478548,87.9081,0.00022711,13.16595137,0.0002320211,1.02e-06,56047,1,Reliable
3.64785576,87.9081,0.0002263,13.16595294,2.3032e-05,2.2e-07,56047,1,Reliable
5.47176984,87.9081,0.00022637,13.16595143,-2.305437e-06,1.2e-07,56047,1,Reliable
1.82393112,87.9081,0.00022632,13.16595343,0.00020100223,9e-07,56047,1,Reliable
21.8871012,87.908,0.00022628,13.16594955,0.00025541873,1.1e-06,56047,1,Reliable
31.00676256,87.908,0.00022608,13.16595504,0.00027019758,1.16e-06,56047,1,Reliable
18.23923992,87.908,0.00022881,13.16594513,-0.00014348126,-4.2e-07,56047,1,Reliable
12.76746816,87.9081,0.00022829,13.16595191,-0.00010175318,-2.6e-07,56047,1,Reliable
10.943557920000002,87.9081,0.00022714,13.16595756,-7.2891146e-05,-1.5e-07,56047,1,Reliable
10.94355888,87.9082,0.00022645,13.16595481,-0.00013273971,-3.8e-07,56047,1,Reliable
1.82392728,87.9084,0.00022647,13.16595166,-2.713895e-05,2e-08,56047,1,Reliable
21.88710288,87.9084,0.00022625,13.16595379,-0.00022133382,-7.2e-07,56047,1,Reliable
1.82392704,87.9086,0.00022575,13.16595532,4.6627722e-05,3.1e-07,56047,1,Reliable
5.47177872,87.9086,0.0002266,13.16595614,-4.6848e-05,-5e-08,56047,1,Reliable
5.47178352,87.9086,0.00022584,13.16595718,-0.00017664337,-5.5e-07,56047,1,Reliable
5.4717672,87.9087,0.00022696,13.16595318,-3.3091459e-05,0.0,56047,1,Reliable
5.47178208,87.9087,0.0002258,13.16595832,6.7992e-05,3.9e-07,56047,1,Reliable
1.82393016,87.9088,0.0002256,13.16595688,3.1628901e-05,2.5e-07,56047,1,Reliable
5.47176384,87.9087,0.0002257,13.16595548,-3.8568e-05,-2e-08,56047,1,Reliable
7.295718,87.9088,0.00022619,13.16595992,0.00022429624,9.9e-07,56047,1,Reliable
16.41531624,87.9087,0.0002253,13.16595703,-6.1255e-05,-1.1e-07,56047,1,Reliable
7.29569832,87.9089,0.0002253,13.16596069,0.00035128,1.47e-06,56047,1,Reliable
9.11965512,87.9088,0.0002221,13.16596375,0.00032281,1.36e-06,56047,1,Reliable
3.64783224,87.9089,0.00022252,13.16595243,1.4649513e-05,1.8e-07,56047,1,Reliable
10.94355216,87.909,0.00022282,13.16595672,0.00043526888,1.79e-06,56047,1,Reliable
5.47177656,87.909,0.0002215,13.16595793,0.00020237,9e-07,56047,1,Reliable
5.471767679999999,87.909,0.0002213,13.16595581,0.00025368,1.1e-06,56047,1,Reliable
1.82393352,87.909,0.00022274,13.1659599,0.00038455525,1.6e-06,56047,1,Reliable
10.94355048,87.909,0.0002225,13.16595659,0.00025234,1.09e-06,56047,1,Reliable
12.76747944,87.9089,0.00022217,13.16595482,0.00027157667,1.17e-06,56047,1,Reliable
21.88708896,87.909,0.0002231,13.16595334,4.5433e-05,3e-07,56047,1,Reliable
1.82392416,87.9089,0.00022192,13.16595625,-3.525439e-06,1.2e-07,56047,1,Reliable
5.47178304,87.9089,0.0002221,13.16595626,-2.5774e-06,1.2e-07,56047,1,Reliable
5.47175496,87.9089,0.00022133,13.16595434,-0.00026496518,-8.8e-07,56047,1,Reliable
5.47177608,87.9089,0.0002209,13.16595982,0.00012236,6e-07,56047,1,Reliable
5.47178208,87.9089,0.0002212,13.16596061,-8.8273e-05,-2.1e-07,56047,1,Reliable
7.29569328,87.909,0.0002208,13.16595764,-0.00021063141,-6.8e-07,56047,1,Reliable
5.471778479999999,87.909,0.00022146,13.16595815,1.204596e-05,1.7e-07,56047,1,Reliable
5.47178568,87.9091,0.00022054,13.16595783,-0.00012777604,-3.6e-07,56047,1,Reliable
12.76746,87.9092,0.00022023,13.16595398,-0.00029754098,-1.01e-06,56047,1,Reliable
5.47177872,87.9095,0.00021957,13.16595934,-3.344678e-05,0.0,56047,1,Reliable
10.94354688,87.9095,0.00021911,13.16595897,-9.5486191e-05,-2.4e-07,56047,1,Reliable
7.29569304,87.9096,0.00021841,13.16596314,-0.0001843399,-5.8e-07,56047,1,Reliable
5.47178664,87.9098,0.00021714,13.16596368,0.00014067062,6.7e-07,56047,1,Reliable
10.943556,87.9098,0.00021626,13.16596312,-0.00019551486,-6.2e-07,56047,1,Reliable
7.29569304,87.9098,0.00021548,13.16595821,8.8754853e-05,4.7e-07,56047,1,Reliable
7.29569832,87.9098,0.0002149,13.16596339,0.00012156506,5.9e-07,56047,1,Reliable
16.41534192,87.9098,0.00021405,13.16596505,7.4624863e-05,4.1e-07,56047,1,Reliable
25.53493896,87.9099,0.00021337,13.16595721,0.00012766347,6.2e-07,56047,1,Reliable
5.47177224,87.9099,0.00021337,13.16596152,0.00019944376,8.9e-07,56047,1,Reliable
10.94355312,87.9099,0.00021278,13.16596225,0.00017087842,7.8e-07,56047,1,Reliable
1.8239208,87.91,0.00021355,13.16595899,0.00019303025,8.7e-07,56047,1,Reliable
9.11962368,87.91,0.0002136,13.16596133,0.0001631906,7.5e-07,56047,1,Reliable
12.76747032,87.9101,0.00021393,13.16595729,0.0003414562,1.43e-06,56047,1,Reliable
7.295700239999999,87.9102,0.00021309,13.16595907,0.00013516834,6.5e-07,56047,1,Reliable
23.71105992,87.9102,0.00021214,13.16595666,7.5655339e-05,4.2e-07,56047,1,Reliable
3.64785576,87.9104,0.00021066,13.16594287,-0.00065749159,-2.38e-06,56047,1,Reliable
23.71105176,87.9104,0.0002102,13.1659417,-0.00067884062,-2.47e-06,56047,1,Reliable
20.06320488,87.9106,0.00020876,13.16594119,-0.0006645433,-2.41e-06,56047,1,Reliable
3.64786608,87.9112,0.00021025,13.16593352,5.9676142e-05,3.6e-07,56047,1,Reliable
7.29571056,87.911,0.00020758,13.16593083,-8.983179e-05,-2.1e-07,56047,1,Reliable
5.4718044,87.9109,0.0002052,13.16593426,-0.00010279,-2.6e-07,56047,1,Reliable
9.11964048,87.9119,0.00020995,13.16592699,-9.7561284e-05,-2.4e-07,56047,1,Reliable
5.4717816,87.9111,0.00020628,13.16593172,-0.00011662103,-3.2e-07,56047,1,Reliable
9.11964744,87.9112,0.00020681,13.16593424,-2.3240164e-05,4e-08,56047,1,Reliable
7.29572208,87.9113,0.00020634,13.16593344,-4.470838e-06,1.1e-07,56047,1,Reliable
1.82392704,87.9113,0.0002058,13.16592899,8.62e-05,4.6e-07,56047,1,Reliable
9.1196496,87.9113,0.00020607,13.16593046,0.00011730576,5.8e-07,56047,1,Reliable
5.47177104,87.9114,0.00020541,13.16592874,0.00012180064,5.9e-07,56047,1,Reliable
1.82393088,87.9114,0.0002053,13.16593739,0.00018941,8.5e-07,56047,1,Reliable
5.47180056,87.9114,0.00020518,13.16593388,0.00034222677,1.44e-06,56047,1,Reliable
1.82392728,87.9115,0.0002046,13.16592861,0.00015328,7.1e-07,56047,1,Reliable
1.82392704,87.9115,0.00020463,13.16592974,0.00019900728,8.9e-07,56047,1,Reliable
9.11964624,87.9115,0.00020446,13.16593055,0.00022907054,1e-06,56047,1,Reliable
3.6478512,87.9115,0.0002035,13.16592954,0.00019327,8.7e-07,56047,1,Reliable
1.8239376,87.9115,0.0002035,13.16593359,0.00016676,7.7e-07,56047,1,Reliable
5.471784479999999,87.9115,0.00020325,13.16592932,9.7324673e-05,5e-07,56047,1,Reliable
1.82394816,87.9116,0.0002028,13.16592835,0.00020656,9.2e-07,56047,1,Reliable
5.471763360000001,87.9116,0.00020319,13.16592078,-4.7028517e-05,-5e-08,56047,1,Reliable
5.47179408,87.9116,0.000203,13.16593082,0.00018663,8.4e-07,56047,1,Reliable
5.47178232,87.9116,0.000203,13.16592609,0.00017731,8.1e-07,56047,1,Reliable
7.29570504,87.9116,0.00020278,13.1659282,0.00018557727,8.4e-07,56047,1,Reliable
1.82393376,87.9117,0.0002024,13.1659324,0.0001972,8.8e-07,56047,1,Reliable
3.64786608,87.9117,0.00020423,13.16592825,0.00027586993,1.18e-06,56047,1,Reliable
5.47179648,87.9117,0.00020332,13.16592671,-2.9600299e-05,2e-08,56047,1,Reliable
5.4717672,87.9117,0.0002028,13.16592066,-2.431e-05,4e-08,56047,1,Reliable
7.29571608,87.9116,0.00020148,13.1659281,0.00012458859,6e-07,56047,1,Reliable
1.82392992,87.9116,0.0002011,13.16592738,6.589e-05,3.8e-07,56047,1,Reliable
3.647856,87.9117,0.0002011,13.165926,0.00013800565,6.6e-07,56047,1,Reliable
10.94356488,87.9117,0.00020059,13.1659287,-5.0215779e-05,-6e-08,56047,1,Reliable
7.29572016,87.9118,0.00019981,13.16593141,5.3731464e-05,3.3e-07,56047,1,Reliable
1.8239328,87.9119,0.0001997,13.16592967,-7.6675e-05,-1.6e-07,56047,1,Reliable
3.64784952,87.9119,0.00019938,13.16592891,-0.00019493189,-6.2e-07,56047,1,Reliable
10.9435704,87.912,0.0001994,13.16593269,-0.00015558,-4.7e-07,56047,1,Reliable
1.8239352,87.9121,0.00019837,13.16593268,-3.262928e-06,1.2e-07,56047,1,Reliable
9.11963808,87.9121,0.00019815,13.1659298,-7.0530667e-05,-1.4e-07,56047,1,Reliable
12.76750824,87.9122,0.00019788,13.16593379,-8.3934654e-05,-1.9e-07,56047,1,Reliable
7.29572184,87.9123,0.00019697,13.16593136,-3.9612631e-05,-2e-08,56047,1,Reliable
10.94356704,87.9124,0.00019642,13.1659318,-0.00028787713,-9.7e-07,56047,1,Reliable
18.23928576,87.9126,0.00019569,13.1659336,-1.3598026e-05,8e-08,56047,1,Reliable
10.94357448,87.9127,0.00019637,13.16593653,0.00022053211,9.7e-07,56047,1,Reliable
9.11965392,87.9128,0.00019454,13.16593599,0.00019792973,8.9e-07,56047,1,Reliable
3.64785312,87.9129,0.00019397,13.16593126,0.0001556937,7.2e-07,56047,1,Reliable
20.06321616,87.9129,0.0001937,13.1659335,0.00019000226,8.5e-07,56047,1,Reliable
5.471772,87.9129,0.00019185,13.16593332,0.00018954563,8.5e-07,56047,1,Reliable
10.9435848,87.913,0.0001918,13.1659392,0.00028001773,1.2e-06,56047,1,Reliable
6.2770368,43.0074,0.00015419,15.27560079,-0.00014642931,-4.287e-05,59742,1,Reliable
10.98483864,43.0066,0.0001629,15.27561354,-9.1137e-05,-2.768e-05,59742,0,Not Reliable
6.27728376,43.0033,0.0001032,15.27571008,-3.3447e-05,-1.182e-05,59742,0,Not Reliable
6.276465600000001,43.0046,0.00020544,15.27405487,0.0012856908,0.00035098,59742,0,Not Reliable
10.98508584,43.0048,0.0001666,15.27609356,-0.00018283834,-5.295e-05,59742,0,Not Reliable
3.1383004800000003,43.0037,0.00013346,15.27574739,0.00017161905,4.463e-05,59742,0,Not Reliable
9.415872960000002,43.0056,0.00022145,15.27628541,-0.00015971013,-4.662e-05,59742,0,Not Reliable
23.53918176,43.0052,0.00013868,15.2757748,0.000132945,3.398e-05,59742,1,Reliable
47.07816576,43.0084,0.0001015,15.2757971,2.1712417e-05,3.35e-06,59742,1,Reliable
23.53924488,43.0088,9.413e-05,15.27578992,3.3335147e-05,6.55e-06,59742,0,Not Reliable
23.538828,43.003,5.187e-05,15.27572161,-2.8616481e-05,-1.049e-05,59742,0,Not Reliable
23.5393548,43.0034,0.00013902,15.27578979,-1.157522e-06,-2.94e-06,59742,0,Not Reliable
23.538832560000003,43.0025,6.467e-05,15.27574398,1.010281e-06,-2.34e-06,59742,0,Not Reliable
31.38573576,43.0091,0.00016592,15.27581828,3.0322332e-05,5.72e-06,59742,0,Not Reliable
6.27695664,43.0066,0.00019374,15.27572048,1.041765e-06,-2.34e-06,59742,1,Reliable
17.262066960000002,43.0039,0.00016056,15.27579191,3.2924111e-05,6.44e-06,59742,1,Reliable
15.69269496,43.0065,0.00017201,15.27573812,2.1479237e-05,3.29e-06,59742,1,Reliable
6.27713904,43.0034,0.00011123,15.27575858,3.1271468e-05,5.98e-06,59742,1,Reliable
56.49388656000001,43.002,7.88e-05,15.27575561,1.2825e-05,9.1e-07,59742,1,Reliable
21.96971736,43.0023,0.00011552,15.27575403,1.3986418e-05,1.23e-06,59742,1,Reliable
47.07817752,43.0013,0.00011555,15.27580733,3.8672975e-05,8.02e-06,59742,1,Reliable
23.53951536,43.0015,0.00010892,15.27579336,1.2602138e-05,8.5e-07,59742,0,Not Reliable
9.4155708,43.0009,0.0001074,15.27563919,-5.0394e-05,-1.648e-05,59742,1,Reliable
14.12322312,43.0011,8.064e-05,15.27566686,-3.6279269e-05,-1.26e-05,59742,0,Not Reliable
9.41566104,43.0013,0.00017306,15.27580586,2.8736737e-05,5.29e-06,59742,1,Reliable
14.12358672,42.9969,0.00015845,15.2757514,8.3459225e-05,2.035e-05,59742,1,Reliable
9.41564544,42.9984,0.00015062,15.27572086,5.6207965e-05,1.285e-05,59742,1,Reliable
23.5392276,43.0001,0.00012169,15.27576481,6.440409e-06,-8.5e-07,59742,1,Reliable
15.6926988,43.0017,0.00013179,15.27568479,-5.2549088e-05,-1.707e-05,59742,1,Reliable
7.84629984,43.001,0.0001145,15.27570886,-8.1616e-06,-4.87e-06,59742,1,Reliable
17.2616208,43.0017,0.00010316,15.27575604,1.5693021e-05,1.7e-06,59742,0,Not Reliable
6.27737472,43.0018,0.00021765,15.27592761,9.389799e-06,-4e-08,59742,0,Not Reliable
15.6929916,43.0008,0.00018231,15.27579859,-4.8878613e-05,-1.607e-05,59742,0,Not Reliable
39.23164128,43.0022,8.375e-05,15.27576791,-8.4793207e-05,-2.594e-05,59742,0,Not Reliable
7.84615824,43.0012,0.00013596,15.27577555,4.8070101e-05,1.061e-05,59742,0,Not Reliable
15.69273936,42.9992,0.00011901,15.27583329,0.00013456972,3.443e-05,59742,1,Reliable
7.8464868,42.9951,7.261e-05,15.27592173,8.491482e-05,2.076e-05,59742,0,Not Reliable
7.84654224,42.9995,0.00011957,15.27581647,2.5976754e-05,4.53e-06,59742,0,Not Reliable
15.69285432,42.9994,0.00011349,15.27572789,-2.3712262e-05,-9.14e-06,59742,1,Reliable
3.1385352,42.9986,6.945e-05,15.27573283,-8.3822614e-05,-2.567e-05,59742,1,Reliable
12.55405656,42.9987,9.26e-05,15.27573061,-7.7139e-05,-2.383e-05,59742,1,Reliable
23.53918584,42.9988,8.429e-05,15.27576083,-4.829434e-06,-3.95e-06,59742,1,Reliable
6.277096319999999,43.0004,0.0001522,15.27568002,5.3568e-05,1.212e-05,59742,1,Reliable
4.70783424,42.9992,9.96e-05,15.27573728,2.9955608e-05,5.62e-06,59742,1,Reliable
12.55413984,42.9998,0.00011487,15.2757339,2.9562971e-05,5.51e-06,59742,1,Reliable
23.53915104,43.0001,0.00012463,15.27575976,4.1300655e-05,8.74e-06,59742,1,Reliable
31.38611136,43.0001,0.00012407,15.27576508,4.209878e-06,-1.46e-06,59742,0,Not Reliable
3.13849728,43.0,0.0001101,15.2755643,-5.6449e-05,-1.814e-05,59742,1,Reliable
12.55402248,42.9997,0.000278,15.27551686,-9.4802e-05,-2.868e-05,59742,0,Not Reliable
7.84643808,43.0,0.00013118,15.27564243,6.7290548e-05,1.589e-05,59742,1,Reliable
15.69258432,43.0001,0.00014,15.27566454,6.6356e-05,1.564e-05,59742,0,Not Reliable
25.1082156,43.0004,0.00015367,15.27565815,0.00016244291,4.209e-05,59742,0,Not Reliable
23.53914024,43.0014,0.00017349,15.27590682,4.0569762e-05,8.55e-06,59742,0,Not Reliable
6.27708768,43.0002,0.0001486,15.27578836,3.1728e-05,6.11e-06,59742,1,Reliable
17.26203168,43.0029,0.00016335,15.27584197,-3.0446642e-05,-1.1e-05,59742,1,Reliable
7.8462144,43.0007,0.00015825,15.27578464,2.0381333e-05,2.99e-06,59742,1,Reliable
21.969905760000003,43.0014,0.00015196,15.27582379,4.812403e-06,-1.3e-06,59742,1,Reliable
15.69275016,43.001,0.00013758,15.27569332,6.9322201e-05,1.645e-05,59742,1,Reliable
1.56925752,43.0015,0.00015043,15.27576417,-2.0422187e-05,-8.24e-06,59742,1,Reliable
21.96978288,43.0015,0.00015031,15.27577037,-1.7149252e-05,-7.34e-06,59742,1,Reliable
7.84634808,43.0016,0.00014762,15.27578972,-5.5057e-08,-2.64e-06,59742,1,Reliable
15.69280056,43.0017,0.000138,15.27577986,4.3417754e-05,9.33e-06,59742,1,Reliable
6.2770896,43.0022,0.0001381,15.27577259,1.4524e-05,1.38e-06,59742,1,Reliable
26.67758352,43.0024,0.00013944,15.27577454,1.4209208e-05,1.29e-06,59742,1,Reliable
39.23194104,43.0021,0.00012269,15.27580627,2.4669009e-05,4.17e-06,59742,0,Not Reliable
6.27701088,43.0023,0.0001333,15.27575782,6.852941e-06,-7.4e-07,59742,1,Reliable
23.53926144,43.0029,0.00013617,15.27580103,2.4487603e-05,4.12e-06,59742,0,Not Reliable
23.53892208,43.0038,0.00014507,15.27573979,1.1356103e-05,5e-07,59742,0,Not Reliable
25.1086188,43.0051,0.00013684,15.2758418,5.8169113e-05,1.339e-05,59742,0,Not Reliable
23.53894608,43.0026,0.00013794,15.27575059,2.0677543e-05,3.07e-06,59742,1,Reliable
14.1231984,43.0024,0.00011656,15.27585024,2.2610731e-05,3.6e-06,59742,1,Reliable
6.27701256,43.0035,0.00010951,15.27577393,0.00018899391,4.942e-05,59742,1,Reliable
18.831675840000003,43.0038,0.0001422,15.27593961,8.5245e-05,2.085e-05,59742,0,Not Reliable
28.24677936,43.0021,0.00014722,15.27580581,-5.9314129e-05,-1.894e-05,59742,1,Reliable
1.57015056,43.002,0.00016236,15.27623899,-0.00042530527,-0.00011963,59742,0,Not Reliable
32.95427976,43.004,0.00016371,15.2754517,-0.00021883624,-6.273e-05,59742,0,Not Reliable
15.6925992,43.0051,0.00015756,15.27551824,0.00015983909,4.135e-05,59742,0,Not Reliable
47.07840696,43.0047,0.00013421,15.27579996,4.6524436e-05,1.018e-05,59742,0,Not Reliable
47.07835944,43.0049,0.00016948,15.27573077,2.657391e-05,4.69e-06,59742,1,Reliable
15.69281496,43.0086,0.00014932,15.2756453,-4.8713034e-05,-1.602e-05,59742,1,Reliable
7.84633224,43.0052,0.00017244,15.27565723,-3.7798895e-05,-1.302e-05,59742,1,Reliable
15.692634,43.0045,0.00012093,15.27560242,1.913625e-05,2.64e-06,59742,0,Not Reliable
7.84628328,43.0055,0.00015363,15.27568625,6.4922328e-05,1.524e-05,59742,1,Reliable
7.846415520000001,43.0049,0.00013681,15.27574913,7.8543739e-05,1.899e-05,59742,1,Reliable
7.84641024,43.0048,0.00013958,15.2757401,6.6155778e-05,1.558e-05,59742,1,Reliable
15.69267576,43.0047,0.00013449,15.27574233,4.7918377e-05,1.056e-05,59742,1,Reliable
7.84629792,43.0038,0.0001243,15.27581062,1.4934691e-05,1.49e-06,59742,1,Reliable
15.69268152,43.004,0.0001296,15.27583771,1.4606e-05,1.4e-06,59742,1,Reliable
23.53931448,43.0043,0.00013021,15.2758261,1.2305718e-05,7.7e-07,59742,0,Not Reliable
7.84647264,43.004,0.0001357,15.27569004,-6.0019e-05,-1.913e-05,59742,1,Reliable
7.84645464,43.0031,0.0001171,15.27565928,-7.1075e-05,-2.216e-05,59742,1,Reliable
15.69263832,43.0038,0.00011526,15.27563692,-7.067048e-05,-2.205e-05,59742,0,Not Reliable
15.69258216,43.0045,0.00011102,15.27574079,-5.9330046e-05,-1.894e-05,59742,0,Not Reliable
7.8458784,43.0052,0.0001214,15.2758174,-2.0429e-05,-8.24e-06,59742,0,Not Reliable
23.53928592,43.005,0.00013241,15.27593493,0.00019145498,5.012e-05,59742,0,Not Reliable
23.5393668,43.0045,0.00014744,15.27588416,3.5143168e-05,7.05e-06,59742,0,Not Reliable
7.8463152,43.0071,0.0001128,15.27598013,-0.00027281,-7.766e-05,59742,1,Reliable
7.84637616,43.0047,9.5e-05,15.27587356,-0.00017764605,-5.148e-05,59742,1,Reliable
15.69259152,43.006,0.00012427,15.27566323,1.6478491e-05,1.91e-06,59742,0,Not Reliable
7.84651104,43.0052,0.0001273,15.27575819,5.2364e-05,1.179e-05,59742,1,Reliable
7.84648392,43.0046,0.00011278,15.27569723,3.0373743e-05,5.74e-06,59742,1,Reliable
7.84619304,43.0039,0.0001261,15.2756656,9.833432e-06,8e-08,59742,0,Not Reliable
7.84642488,43.0032,0.00013462,15.27598113,-0.00019898085,-5.737e-05,59742,1,Reliable
14.1235248,43.0043,0.0001835,15.27575303,9.312986e-06,-6e-08,59742,1,Reliable
1.56928488,43.0021,6.216e-05,15.2757615,2.1756045e-05,3.37e-06,59742,1,Reliable
14.12338488,43.0038,0.00011493,15.27574077,1.0287341e-05,2.1e-07,59742,1,Reliable
1.5692289600000002,43.0044,0.00013444,15.27575904,4.4138757e-05,9.52e-06,59742,1,Reliable
31.38553752,43.0041,0.00012864,15.27578315,4.8886527e-05,1.083e-05,59742,1,Reliable
14.12354568,43.004,0.00014776,15.27578291,-2.254019e-06,-3.24e-06,59742,1,Reliable
1.56926904,43.0029,0.00011102,15.27574114,-9.955762e-06,-5.36e-06,59742,1,Reliable
29.81619192,43.0034,7.868e-05,15.27581276,-6.6196903e-05,-2.083e-05,59742,1,Reliable
25.10853744,43.0032,9.411e-05,15.27574478,2.4105387e-05,4.01e-06,59742,1,Reliable
15.69267648,43.0025,9.112e-05,15.27571095,-3.564874e-06,-3.6e-06,59742,1,Reliable
7.846256879999999,43.0025,0.00010327,15.27574884,1.4969314e-05,1.5e-06,59742,1,Reliable
15.69295464,43.0021,9.663e-05,15.275797,4.0800678e-05,8.61e-06,59742,0,Not Reliable
15.6923868,42.9997,0.00010901,15.27622826,-0.00032644933,-9.246e-05,59742,1,Reliable
7.8460548,43.0018,0.000107,15.27585403,5.6689366e-05,1.298e-05,59742,0,Not Reliable
31.38607992,43.0047,0.0002095,15.27600479,3.646e-05,7.42e-06,59742,0,Not Reliable
23.53905168,43.0013,0.00015427,15.27569105,-2.9786501e-05,-1.081e-05,59742,1,Reliable
23.53920336,43.001,0.0001016,15.27575299,1.8558e-06,-2.11e-06,59742,1,Reliable
23.53889016,43.0016,0.0001178,15.27572178,-1.3809e-05,-6.42e-06,59742,0,Not Reliable
23.53958928,43.0017,0.00012491,15.2758117,6.4753367e-05,1.52e-05,59742,0,Not Reliable
1.56900048,43.0022,0.0001021,15.27557804,2.021e-05,2.94e-06,59742,0,Not Reliable
6.27712008,43.0013,0.00015574,15.2765235,-0.00067698376,-0.00018885,59742,0,Not Reliable
17.26221024,43.0002,0.00011754,15.27591566,-0.00014936078,-4.371e-05,59742,0,Not Reliable
23.53897152,42.9991,5.722e-05,15.27515973,0.00046918578,0.00012646,59742,0,Not Reliable
37.6625412,43.0009,0.0001368,15.27574357,2.317e-05,3.75e-06,59742,1,Reliable
23.53911936,43.0009,0.00013166,15.27576519,7.267533e-06,-6.2e-07,59742,1,Reliable
7.84630584,43.0011,0.00013308,15.27576749,1.9667619e-05,2.79e-06,59742,1,Reliable
7.84643832,42.9998,0.00010432,15.27579423,2.785727e-05,5.05e-06,59742,1,Reliable
7.84635096,42.9992,8.952e-05,15.27576153,4.396113e-06,-1.41e-06,59742,1,Reliable
7.84645056,42.9975,7.61e-05,15.27576895,5.3805e-06,-1.14e-06,59742,1,Reliable
7.84635432,42.9983,8.89e-05,15.27573189,-1.0638e-05,-5.54e-06,59742,1,Reliable
7.846363920000001,42.9988,9.349e-05,15.2757533,-1.0354492e-05,-5.47e-06,59742,1,Reliable
6.27708096,42.9987,9.66e-05,15.27575484,-8.5515e-06,-4.97e-06,59742,1,Reliable
42.32414352,53.1615,0.0001639,15.30193384,6.0041e-05,1.419e-05,61592,0,Not Reliable
57.995329440000006,53.1611,0.00014742,15.30188531,5.724044e-06,-1.9e-06,61592,0,Not Reliable
12.553731119999998,53.1622,0.00061868,15.30280564,0.00021009772,5.884e-05,61592,0,Not Reliable
2.00027808,53.1601,0.0001266,15.3318703,0.016496,0.00572206,61592,1,Reliable
3.99972216,53.1603,0.000152,15.33413941,0.0034834,0.00115472,61592,0,Not Reliable
4.00027752,53.1604,0.00018894,15.33017307,0.035855271,0.01267036,61592,0,Not Reliable
1.9994448,53.16,0.000122,15.33098358,0.048293,0.01736747,61592,1,Reliable
6.0,53.1598,0.00010195,15.33537879,0.033767416,0.01207905,61592,1,Reliable
2.0005555200000003,53.1594,0.000119,15.34241639,0.0042831,0.00146447,61592,0,Not Reliable
5.99944416,53.1602,0.0001147,15.34374778,0.0014203048,0.00047879,61592,1,Reliable
2.00027808,53.16,0.0001421,15.34306149,0.0026084,0.00088533,61592,1,Reliable
5.99972184,53.1601,0.00019122,15.34318358,0.0025935306,0.00088056,61592,1,Reliable
2.00083368,53.1595,0.0001126,15.34389025,-0.00020559,-7.313e-05,61592,1,Reliable
5.99972232,53.1595,0.00011043,15.34386886,-0.00014473143,-5.261e-05,61592,1,Reliable
7.99999992,53.1597,0.0001118,15.3437012,0.0015392,0.00051941,61592,1,Reliable
8.000277839999999,53.1595,0.0001124,15.34387606,0.00022576,7.256e-05,61592,1,Reliable
1.99972224,53.1593,9.4e-05,15.34406336,-0.00036525,-0.00012698,61592,1,Reliable
5.9994444,53.1594,9.589e-05,15.34404647,-0.00023343401,-8.256e-05,61592,1,Reliable
8.000277839999999,53.1595,9.12e-05,15.34393582,0.0015527,0.0005244,61592,1,Reliable
7.99999992,53.1594,0.0001008,15.3438111,0.00038657,0.00012699,61592,1,Reliable
1.99999992,53.1593,8.76e-05,15.34405887,-0.00070172,-0.00024014,61592,1,Reliable
5.99999976,53.1596,8.144e-05,15.34380773,0.00023445656,7.549e-05,61592,1,Reliable
2.00027808,53.1596,9.69e-05,15.34386967,0.001456,0.00049117,61592,1,Reliable
7.99944432,53.1598,8.597e-05,15.34408179,0.00051784386,0.00017165,61592,1,Reliable
2.00055576,53.1597,0.00010183,15.34354027,0.0016527287,0.00055798,61592,1,Reliable
18.35303424,53.1594,6.669e-05,15.34364069,0.0014345115,0.00048348,61592,0,Not Reliable
21.88575576,53.163,0.0001076,15.34399749,-5.0241931e-05,-2.073e-05,61592,0,Not Reliable
1.56323712,53.162,8.97e-05,15.34384699,1.8765e-05,2.58e-06,61592,1,Reliable
10.9427148,53.1622,0.00010099,15.34390928,-1.3793338e-05,-8.42e-06,61592,1,Reliable
23.449218480000003,53.1619,9.702e-05,15.34406046,-0.00010511933,-3.927e-05,61592,0,Not Reliable
10.942968,53.1625,0.000108,15.34373588,0.0001049815,3.169e-05,61592,1,Reliable
3.1263684,53.1632,0.00011938,15.3437701,-3.71865e-07,-3.89e-06,61592,0,Not Reliable
9.37960032,53.1625,0.00010851,15.34387352,3.318899e-05,7.45e-06,61592,1,Reliable
10.94282352,53.1617,8.527e-05,15.34386839,2.0847318e-05,3.28e-06,61592,1,Reliable
12.50604384,53.1613,8.896e-05,15.34388831,2.7656602e-05,5.58e-06,61592,1,Reliable
10.943163599999998,53.1613,9.06e-05,15.34392504,3.212e-05,7.09e-06,61592,0,Not Reliable
3.12648096,53.1632,0.00014576,15.34378199,1.6808264e-05,1.91e-06,61592,1,Reliable
9.3795024,53.1621,0.00010849,15.34384705,-8.890004e-06,-6.76e-06,61592,1,Reliable
10.942836,53.1621,0.0001067,15.34389096,8.045571e-06,-1.04e-06,61592,1,Reliable
3.12644568,53.1636,0.00014682,15.34397065,-4.4584123e-05,-1.882e-05,61592,1,Reliable
9.37960728,53.1632,0.0001196,15.34414185,-0.00013552,-4.954e-05,61592,1,Reliable
12.50606736,53.1628,0.0001268,15.34392937,1.9516e-05,2.83e-06,61592,1,Reliable
1.56327816,53.1633,0.00013661,15.34391762,5.8812277e-05,1.611e-05,61592,1,Reliable
23.44887336,53.1634,0.00013207,15.34394217,3.7916012e-05,9.05e-06,61592,1,Reliable
3.12648048,53.1633,0.00012066,15.34398821,7.783736e-06,-1.13e-06,61592,1,Reliable
20.32257096,53.1616,0.00013412,15.34399178,1.8773235e-05,2.58e-06,61592,0,Not Reliable
17.19616704,53.1626,0.00014301,15.34393341,-1.6289769e-05,-9.27e-06,61592,0,Not Reliable
46.89777648,53.1608,0.0001438,15.34375672,-1.2415e-05,-7.95e-06,61592,0,Not Reliable
32.828556,53.1623,0.00014627,15.34386766,5.0442247e-05,1.328e-05,61592,1,Reliable
7.81633728,53.1606,0.00012776,15.34392488,-2.207916e-06,-4.51e-06,61592,1,Reliable
10.94265792,53.1607,0.0001363,15.34390281,1.1998084e-05,2.9e-07,61592,1,Reliable
26.57522328,53.1576,0.00011039,15.3439639,3.7848334e-05,9.03e-06,61592,1,Reliable
21.88619784,53.1606,0.0001149,15.34407804,7.5176782e-05,2.165e-05,61592,0,Not Reliable
25.01184504,53.1608,0.0001214,15.34385314,-3.2082e-05,-1.459e-05,61592,0,Not Reliable
3.1264368,53.1612,0.000121,15.34405587,1.6339e-05,1.76e-06,61592,1,Reliable
20.32264896,53.1608,0.00011344,15.34409454,1.9862899e-05,2.95e-06,61592,0,Not Reliable
10.94285568,53.1605,0.00012104,15.34392933,4.2526278e-05,1.061e-05,61592,1,Reliable
12.50587608,53.1603,0.00012716,15.34392573,3.1584228e-05,6.91e-06,61592,0,Not Reliable
23.44929744,53.16,0.0001063,15.34407577,1.6857e-05,1.94e-06,61592,0,Not Reliable
25.01223624,53.1592,0.00011845,15.34391295,-3.4074059e-05,-1.527e-05,61592,1,Reliable
25.01238888,53.1597,0.00010476,15.34378116,8.7992215e-05,2.596e-05,61592,1,Reliable
7.81574736,53.1599,0.0001405,15.34384866,3.0385e-06,-2.74e-06,61592,0,Not Reliable
31.26591408,53.1605,7.974e-05,15.34410847,9.4120434e-05,2.806e-05,61592,0,Not Reliable
6.25292064,53.1596,0.00010013,15.34380087,-2.27611e-06,-4.53e-06,61592,1,Reliable
17.1951168,53.1593,9.686e-05,15.34387503,2.4530928e-05,4.53e-06,61592,0,Not Reliable
4.68986832,53.1602,0.00011031,15.34462046,-0.00028948355,-0.00010163,61592,0,Not Reliable
28.13987448,53.16,2.73e-05,15.34418777,3.6822e-05,8.69e-06,61592,0,Not Reliable
23.44889712,53.1599,9.828e-05,15.34369654,-4.5676999e-05,-1.917e-05,61592,0,Not Reliable
14.06947488,53.1581,7.698e-05,15.34377353,-3.6314047e-05,-1.602e-05,61592,1,Reliable
6.25308312,53.159,8.32e-05,15.3437256,9.5967e-05,2.865e-05,61592,1,Reliable
17.19567696,53.159,7.712e-05,15.34375263,0.00010368397,3.126e-05,61592,0,Not Reliable
23.44891704,53.1593,8.11e-05,15.3439498,7.3752744e-05,2.116e-05,61592,1,Reliable
14.06925168,53.1588,8.455e-05,15.34400836,9.9393062e-05,2.984e-05,61592,1,Reliable
20.32220064,53.1586,9.004e-05,15.34401994,6.0411141e-05,1.666e-05,61592,1,Reliable
23.44875216,53.1581,9.25e-05,15.34406072,5.1466427e-05,1.363e-05,61592,1,Reliable
14.06967456,53.1578,0.00012602,15.34406965,6.0307828e-05,1.662e-05,61592,0,Not Reliable
10.9428228,53.1594,0.00010063,15.34364688,-0.00024456238,-8.62e-05,61592,0,Not Reliable
17.1960864,53.1544,7.756e-05,15.3438374,0.00013885927,4.316e-05,61592,0,Not Reliable
6.2530423200000005,53.1589,9.67e-05,15.34378593,8.2131e-05,2.398e-05,61592,1,Reliable
17.196551279999998,53.1594,0.0001477,15.34385413,6.3474e-05,1.768e-05,61592,0,Not Reliable
4.689147360000001,53.1583,0.000132,15.34345905,0.00082111,0.0002742,61592,0,Not Reliable
14.06936328,53.1581,0.00012916,15.34396457,0.00017212027,5.443e-05,61592,1,Reliable
6.2530188,53.1583,0.00013086,15.3439584,0.00011115638,3.381e-05,61592,1,Reliable
3.12649824,53.1583,0.00012929,15.34397258,9.5118338e-05,2.838e-05,61592,1,Reliable
31.26536856,53.1584,0.0001317,15.34399,0.00010138284,3.05e-05,61592,0,Not Reliable
6.25307136,53.1598,0.00015639,15.34388115,1.628941e-06,-3.21e-06,61592,1,Reliable
6.25307208,53.1573,0.00016514,15.34387278,1.224974e-05,3.7e-07,61592,1,Reliable
1.56327432,53.1581,0.00016349,15.34388947,2.7485038e-05,5.52e-06,61592,1,Reliable
15.63223224,53.1592,0.0001336,15.34388611,2.2272351e-05,3.76e-06,61592,0,Not Reliable
9.38001648,53.1596,0.00012675,15.34402233,0.00011219642,3.416e-05,61592,0,Not Reliable
20.32244712,53.1596,0.00012064,15.34381244,1.502543e-05,1.31e-06,61592,1,Reliable
4.68965136,53.1599,0.00011621,15.34384875,2.058381e-05,3.19e-06,61592,1,Reliable
20.32243128,53.1593,0.00012306,15.34392958,4.4705075e-05,1.134e-05,61592,1,Reliable
9.379578960000002,53.1592,0.00010157,15.34391471,6.3644335e-05,1.774e-05,61592,1,Reliable
14.06928144,53.1599,0.00013325,15.34392162,9.1548435e-05,2.717e-05,61592,1,Reliable
17.19631128,53.1605,0.00013971,15.34402157,0.00014104631,4.392e-05,61592,0,Not Reliable
6.25312632,53.1604,0.00014814,15.34377823,-3.1203639e-05,-1.43e-05,61592,1,Reliable
20.322312,53.1601,0.00013671,15.34374198,-3.2682283e-05,-1.479e-05,61592,0,Not Reliable
6.25296504,53.1587,0.00011889,15.3439799,0.00021273243,6.817e-05,61592,1,Reliable
7.81630128,53.1591,0.00013022,15.34428273,0.00074368989,0.00024856,61592,0,Not Reliable
23.4487764,53.1594,0.00016658,15.3441624,0.00028850563,9.388e-05,61592,0,Not Reliable
15.63271992,53.16,0.00014717,15.34408486,0.00051157779,0.00016952,61592,0,Not Reliable
23.4490716,53.16,0.00012489,15.34392624,0.00038580142,0.00012678,61592,0,Not Reliable
17.19594984,53.1605,0.00013228,15.34406586,0.00060838984,0.00020239,61592,0,Not Reliable
4.68977352,53.1597,0.00017595,15.34398299,0.00040301309,0.00013264,61592,1,Reliable
17.1958728,53.1596,0.0001542,15.34405986,0.00037732,0.00012396,61592,0,Not Reliable
6.25298592,53.16,0.00014671,15.34396611,0.00030726586,0.00010018,61592,1,Reliable
21.88572864,53.1592,0.0001409,15.34408716,0.00044910575,0.00014832,61592,0,Not Reliable
4.68977952,53.1584,0.00013229,15.34390678,0.00020957575,6.709e-05,61592,1,Reliable
17.19584976,53.1591,0.00012311,15.3439546,0.00018156261,5.762e-05,61592,1,Reliable
3.12661008,53.1583,0.0001453,15.34364826,-0.00037517,-0.00013016,61592,1,Reliable
20.322414,53.158,0.0001463,15.34367917,-0.00022772896,-8.055e-05,61592,0,Not Reliable
3.12643224,53.1586,0.0001579,15.34425545,0.00093343,0.00031319,61592,1,Reliable
3.12636,53.159,0.00017675,15.34437468,0.0010376135,0.00034887,61592,1,Reliable
20.32272216,53.1587,0.00016551,15.34455704,0.00069040325,0.00023063,61592,0,Not Reliable
3.1265212800000004,53.1587,0.00015015,15.34376131,0.00042031038,0.0001384,61592,1,Reliable
7.81648392,53.1586,0.0001433,15.34390076,0.00022422,7.204e-05,61592,0,Not Reliable
12.50609976,53.1588,0.00018483,15.34389606,0.00094202743,0.00031576,61592,1,Reliable
10.94276016,53.159,0.00016804,15.34403292,0.00074473267,0.00024872,61592,1,Reliable
12.50599032,53.1587,0.00016637,15.34406498,0.00039464085,0.00012983,61592,1,Reliable
26.575656,53.1592,0.00017638,15.34408874,0.00021739902,6.978e-05,61592,0,Not Reliable
31.26559848,53.1576,0.00014931,15.34380279,-6.2739627e-05,-2.494e-05,61592,1,Reliable
7.81633392,53.1594,0.00015722,15.34381333,6.1689307e-05,1.707e-05,61592,1,Reliable
3.12651576,53.1587,0.00014408,15.34385897,0.00015241619,4.774e-05,61592,1,Reliable
4.68977184,53.1588,0.0001417,15.34388653,0.00017044,5.384e-05,61592,1,Reliable
7.816289279999999,53.1593,0.0001424,15.34393638,0.00020246692,6.469e-05,61592,1,Reliable
10.94274384,53.1591,0.00013689,15.34398351,0.00022072932,7.088e-05,61592,1,Reliable
3.12648552,53.159,0.0001334,15.34406408,0.00022312,7.171e-05,61592,1,Reliable
23.448878160000003,53.1588,0.00013183,15.34409494,0.00024302602,7.846e-05,61592,0,Not Reliable
3.12649704,53.1593,0.00012784,15.344017,7.1587758e-05,2.043e-05,61592,1,Reliable
20.32216296,53.1593,0.00012837,15.34402895,8.0134715e-05,2.332e-05,61592,1,Reliable
3.1264648800000003,53.1596,0.0001272,15.34412369,0.00013732,4.268e-05,61592,1,Reliable
14.06968944,53.1594,0.0001255,15.34415069,0.00015663,4.922e-05,61592,0,Not Reliable
6.25315224,53.1605,0.0001251,15.34382051,-9.7424e-05,-3.664e-05,61592,1,Reliable
3.12657072,53.1609,0.0001069,15.34375996,-0.00012034,-4.436e-05,61592,1,Reliable
14.06952,53.1604,0.00013178,15.34375019,-0.00011646101,-4.306e-05,61592,1,Reliable
6.2530716,53.1607,0.0001274,15.34374379,-5.8824e-05,-2.361e-05,61592,1,Reliable
3.12652848,53.1599,0.0001276,15.34380716,-2.9442e-05,-1.37e-05,61592,1,Reliable
23.44910136,53.1604,0.0001326,15.34383077,-2.68604e-07,-3.85e-06,61592,1,Reliable
23.448666,53.1601,0.000137,15.34391721,0.00021344,6.84e-05,61592,1,Reliable
7.816278,53.1604,0.00014325,15.34416427,0.00028957949,9.425e-05,61592,1,Reliable
12.50609304,53.1608,0.00015682,15.3440818,0.00010471119,3.164e-05,61592,1,Reliable
4.68975384,53.1612,0.0001492,15.34399341,1.0317e-05,-2.8e-07,61592,1,Reliable
6.25308024,53.1608,0.00014742,15.34401606,3.4240084e-05,7.81e-06,61592,1,Reliable
14.06926776,53.1609,0.0001404,15.34397499,8.6222e-06,-8.5e-07,61592,1,Reliable
6.252996,53.1606,0.00013039,15.34399545,2.438816e-06,-2.94e-06,61592,1,Reliable
10.94301312,53.1611,0.00013415,15.34402119,1.7832764e-05,2.26e-06,61592,0,Not Reliable
6.252907199999999,53.1627,0.00012653,15.34387965,-6.23217e-06,-5.87e-06,61592,1,Reliable
26.57552424,53.1612,0.00012215,15.34398678,2.2911336e-05,3.98e-06,61592,0,Not Reliable
17.19598296,53.1614,0.00016341,15.34396026,-7.86117e-07,-4.03e-06,61592,1,Reliable
6.252888,53.1608,0.00013839,15.34394716,6.2187867e-05,1.725e-05,61592,1,Reliable
43.7716692,53.1612,0.00010918,15.34407911,0.00015460584,4.852e-05,61592,0,Not Reliable
3.12660456,53.1611,0.00012947,15.34386859,-6.6806572e-05,-2.632e-05,61592,1,Reliable
14.06950992,53.161,9.55e-05,15.34382953,-6.5221617e-05,-2.578e-05,61592,1,Reliable
7.81616496,53.1601,8.695e-05,15.34375504,7.0350824e-05,2e-05,61592,0,Not Reliable
28.13825544,53.1598,9.077e-05,15.34392389,0.00018074536,5.734e-05,61592,0,Not Reliable
20.32303992,53.1603,7.74e-05,15.34410178,0.00017096647,5.406e-05,61592,0,Not Reliable
15.63249048,53.1604,0.00015931,15.3439134,-3.798114e-06,-5.05e-06,61592,1,Reliable
6.2527884,53.1591,7.5e-05,15.34397002,-2.7824e-05,-1.316e-05,61592,0,Not Reliable
17.19616464,53.1599,0.00014685,15.34409577,3.1828629e-05,6.99e-06,61592,0,Not Reliable
6.253064159999999,53.1598,8.68e-05,15.34386357,4.9746e-05,1.304e-05,61592,1,Reliable
21.885662640000003,53.1606,6.46e-05,15.34388255,5.3026e-05,1.415e-05,61592,1,Reliable
4.68958896,53.1623,0.00012647,15.34398508,2.6508e-08,-3.75e-06,61592,1,Reliable
18.75952056,53.1616,7.163e-05,15.34406608,4.9898211e-05,1.311e-05,61592,0,Not Reliable
4.68972696,53.1625,0.00013115,15.34387472,3.4245585e-05,7.8e-06,61592,1,Reliable
20.32250616,53.1607,0.00011523,15.3438964,2.860612e-05,5.9e-06,61592,1,Reliable
3.1264562400000004,53.1616,0.00019935,15.3438095,7.6047908e-05,2.192e-05,61592,1,Reliable
4.68961224,53.1603,0.0001351,15.34394516,-9.8616e-06,-7.09e-06,61592,1,Reliable
3.12658992,53.1607,0.0001258,15.34401801,2.9247387e-05,6.12e-06,61592,1,Reliable
12.5060616,53.1618,0.00013838,15.34399139,-4.2494e-08,-3.78e-06,61592,1,Reliable
21.88578216,53.1598,0.000184,15.34404636,0.00013681312,4.249e-05,61592,0,Not Reliable
4.6897536,53.1593,0.0001335,15.34392687,5.2182e-06,-2e-06,61592,1,Reliable
20.32259544,53.1592,0.00013129,15.34394634,1.6233512e-05,1.72e-06,61592,0,Not Reliable
25.01219592,53.1598,0.00016901,15.34383266,-6.3345984e-05,-2.515e-05,61592,1,Reliable
9.37967616,53.1599,0.0001215,15.34395747,-1.5893e-05,-9.13e-06,61592,1,Reliable
14.06932968,53.1603,0.00015107,15.34385959,2.848638e-05,5.86e-06,61592,1,Reliable
1.5632568,53.1592,0.000111,15.34389378,4.873e-05,1.27e-05,61592,1,Reliable
15.6325956,53.1587,0.00010971,15.34389739,5.2435343e-05,1.395e-05,61592,1,Reliable
6.25300176,53.1592,0.00010633,15.3439337,3.9954605e-05,9.74e-06,61592,1,Reliable
23.44900632,53.1595,0.00010787,15.34395244,4.3627322e-05,1.098e-05,61592,1,Reliable
20.32246296,53.1593,0.00010831,15.34392142,1.094785e-05,-6e-08,61592,1,Reliable
6.25298472,53.1596,0.00011925,15.3438956,9.144193e-06,-6.7e-07,61592,1,Reliable
20.32281864,53.1594,0.00011359,15.34392387,1.9794946e-05,2.93e-06,61592,0,Not Reliable
38.14973232,43.0012,0.00022331,15.70795306,0.001423859,0.00186055,63133,0,Not Reliable
25.94194584,43.0008,0.00015148,15.70881383,0.0016081292,0.00211602,63133,0,Not Reliable
7.6300896,43.0018,0.00025734,15.70913072,0.00056536662,0.00072966,63133,0,Not Reliable
19.83799848,43.0004,0.00020163,15.70864438,0.001423825,0.00186601,63133,0,Not Reliable
33.57162696,43.0002,0.00016652,15.70960888,0.0012878681,0.00169064,63133,0,Not Reliable
13.73421264,43.0001,0.00036054,15.71111646,0.0015273229,0.00202718,63133,0,Not Reliable
22.89002424,43.0,6.27e-05,15.7090485,0.0012328066,0.00161282,63133,0,Not Reliable
25.94180424,43.0004,0.00018806,15.70987217,0.0013081545,0.00171987,63133,0,Not Reliable
7.63009344,42.9989,0.00024749,15.71013802,0.0012271535,0.00161288,63133,0,Not Reliable
15.25981296,42.999,0.00013043,15.70876912,0.0013692958,0.0017937,63133,0,Not Reliable
36.62422032,42.9986,0.0003106,15.7090906,0.0012309,0.00161079,63133,0,Not Reliable
22.88952936,42.9991,0.00020079,15.71100608,0.0014688434,0.00194627,63133,0,Not Reliable
24.41608992,43.0005,0.00042487,15.71026506,0.0015454525,0.0020446,63133,0,Not Reliable
1.52622936,43.0021,0.0004592,15.70906053,0.0012963,0.00169859,63133,0,Not Reliable
7.62986208,42.9989,8.99e-05,15.70814626,0.00034454,0.00043947,63133,1,Reliable
1.52600592,42.9988,0.00011902,15.70911391,0.0016215227,0.00213691,63133,1,Reliable
7.629894960000001,42.9992,0.0001611,15.70889793,0.0012547,0.00164105,63133,0,Not Reliable
13.73392464,42.9992,0.00019158,15.70907539,0.0014943875,0.00196461,63133,0,Not Reliable
33.57189432,42.9991,0.00021668,15.7092532,0.0016934016,0.00223588,63133,0,Not Reliable
6.10395336,43.0053,0.00032466,15.71041108,0.0012555005,0.00165307,63133,0,Not Reliable
1.52593752,43.0007,0.0002294,15.70866126,0.0010183,0.00132473,63133,1,Reliable
6.10412376,43.0008,0.00026719,15.70880493,0.0010972101,0.00143041,63133,0,Not Reliable
41.201652,43.0,0.00018882,15.70878055,0.0017026061,0.00224378,63133,0,Not Reliable
6.10421592,43.0011,0.00034619,15.71077509,0.0010674373,0.00140274,63133,0,Not Reliable
3.05197368,42.9984,0.0001528,15.70872023,0.001003,0.00130461,63133,1,Reliable
15.25984728,42.9992,0.0001837,15.70857816,0.0010603,0.00137983,63133,0,Not Reliable
70.19588232000001,43.0009,0.00023594,15.70892015,0.0016550045,0.00218058,63133,0,Not Reliable
30.5198628,43.0015,0.00026563,15.70935518,0.0013408723,0.00176012,63133,0,Not Reliable
36.62390592,43.0004,0.00031878,15.709421,0.0015462698,0.00203794,63133,0,Not Reliable
6.10407312,42.9971,0.0002143,15.71233514,0.0022100397,0.00298449,63133,0,Not Reliable
3.05180928,42.9995,0.00013685,15.70754908,0.0039108306,0.00533046,63133,0,Not Reliable
1.5260303999999998,42.999,0.0001051,15.70861656,0.00057013,0.00073422,63133,1,Reliable
19.83818496,42.999,0.00016178,15.70854861,0.00092560731,0.00120126,63133,0,Not Reliable
12.2080308,42.9993,0.0002103,15.70975535,0.00148277,0.00195466,63133,0,Not Reliable
13.73382048,42.9984,0.00016498,15.70926442,0.0016065475,0.002118,63133,0,Not Reliable
22.88994648,42.9989,0.00021596,15.70936316,0.0014930357,0.00196524,63133,0,Not Reliable
41.20180728,42.9995,0.00040679,15.70969138,0.0010945412,0.00143259,63133,0,Not Reliable
7.63014648,43.0007,0.00021429,15.70883979,0.0010948697,0.00142744,63133,0,Not Reliable
24.41584896,42.9999,0.00013266,15.70878386,0.0014933818,0.00196075,63133,0,Not Reliable
7.63012488,42.9992,0.00013712,15.71051848,0.0015990493,0.00211926,63133,0,Not Reliable
15.25989312,42.9996,0.00012558,15.70854165,0.0013575532,0.0017762,63133,0,Not Reliable
1.52606376,42.9984,0.00025006,15.70918031,0.001581239,0.00208303,63133,1,Reliable
38.14965744,42.9988,0.00011271,15.70854488,0.0014211903,0.00186164,63133,0,Not Reliable
6.103902720000001,42.999,0.00014649,15.70920724,0.0017031928,0.0022487,63133,0,Not Reliable
9.15581688,42.999,0.00010487,15.70920896,0.0020507451,0.00272425,63133,0,Not Reliable
18.31334088,42.9982,0.00012471,15.70959803,0.0020250272,0.0026934,63133,0,Not Reliable
13.73353752,43.0001,0.00035465,15.70765729,0.0014324946,0.00187001,63133,1,Reliable
22.88934672,42.9997,0.00010907,15.70928908,0.0013230391,0.00173552,63133,0,Not Reliable
22.89003024,42.9983,0.00035406,15.71007661,0.00109512,0.0014356,63133,0,Not Reliable
3.05194992,43.0013,0.0002349,15.70946821,0.00098355,0.00128302,63133,0,Not Reliable
7.62989064,43.0002,0.00014374,15.70854529,0.0008984906,0.0011654,63133,0,Not Reliable
13.73369352,43.0018,0.00020269,15.70886063,0.00099928656,0.00130053,63133,0,Not Reliable
22.88998416,43.0003,0.00015055,15.70984512,0.0017028846,0.00225449,63133,0,Not Reliable
10.6822248,42.9998,0.00016649,15.70796823,0.0014188652,0.00185392,63133,0,Not Reliable
13.73400504,42.9995,0.00017347,15.70879062,0.0016987528,0.00223864,63133,0,Not Reliable
9.15599568,42.9993,0.0001175,15.70889233,0.00086696,0.00112543,63133,0,Not Reliable
13.73394984,42.9992,0.0001381,15.7086492,0.00079914,0.00103485,63133,0,Not Reliable
9.15601488,42.9991,0.00014015,15.70902454,0.0011157541,0.00145634,63133,0,Not Reliable
19.83781608,42.9999,0.0001715,15.70878836,0.0011847,0.00154682,63133,0,Not Reliable
3.05194032,43.0002,0.00013333,15.70942046,0.00091900776,0.00119697,63133,0,Not Reliable
15.260118,43.0015,0.0002199,15.70860048,0.00076821,0.00099397,63133,0,Not Reliable
6.1039596000000005,42.9986,0.0001284,15.70882572,0.00086636,0.00112432,63133,0,Not Reliable
25.94199816,42.9993,0.00012812,15.70855871,0.00080516504,0.00104238,63133,0,Not Reliable
7.629958559999999,42.9992,0.0001298,15.7093043,0.00080877793,0.00105048,63133,0,Not Reliable
7.629802799999999,43.0006,0.00011269,15.70860213,0.00084849184,0.00109967,63133,1,Reliable
6.10404312,43.0009,0.0001596,15.70891232,0.0010148,0.00132132,63133,0,Not Reliable
1.52599944,43.0032,0.00018515,15.7083275,0.00075056106,0.00096961,63133,1,Reliable
12.20804832,43.0024,0.00016611,15.70828245,0.00043773564,0.00056071,63133,0,Not Reliable
3.05194584,42.998,6.71e-05,15.70899823,0.0010759,0.00140312,63133,1,Reliable
7.63001856,42.9999,0.0001171,15.7086015,0.0012825,0.00167612,63133,0,Not Reliable
1.52599344,43.0001,0.00016623,15.70873888,0.0011980268,0.00156424,63133,1,Reliable
7.630039440000001,43.0015,0.00014481,15.70860467,0.00075780374,0.00098026,63133,0,Not Reliable
13.73386272,42.9999,9.815e-05,15.70875704,0.001076883,0.00140295,63133,0,Not Reliable
24.41584704,43.0036,0.0003062,15.70835858,0.00077451041,0.00100133,63133,0,Not Reliable
1.52611656,43.0015,0.00032249,15.70949518,0.0010027647,0.00130886,63133,0,Not Reliable
22.88962728,43.0011,0.00014569,15.70838091,0.0010729645,0.0013955,63133,0,Not Reliable
7.63020984,43.0017,0.00017402,15.70895655,0.00078529384,0.00101797,63133,0,Not Reliable
7.62983712,42.9992,0.00014709,15.70868277,0.00087922264,0.00114063,63133,0,Not Reliable
6.1040508,42.9997,0.00012471,15.70849736,0.0012480535,0.00162936,63133,0,Not Reliable
3.05194752,43.0022,0.00019963,15.70846103,0.0012216675,0.00159393,63133,1,Reliable
38.14989552,43.0023,0.00021825,15.70869224,0.0010086373,0.00131201,63133,0,Not Reliable
7.6301364,43.0013,0.00032553,15.71284625,0.002283935,0.00309542,63133,0,Not Reliable
15.2599068,43.0013,0.00018,15.70855121,0.001373636,0.00179787,63133,0,Not Reliable
1.52602488,43.0,0.0001797,15.70878124,0.0015716,0.00206632,63133,1,Reliable
7.629978,43.0016,0.00033138,15.70855794,0.0011772969,0.00153562,63133,0,Not Reliable
30.52017384,43.0003,0.00011288,15.70888744,0.0014044119,0.00184181,63133,0,Not Reliable
16.78580544,43.0006,0.00014022,15.7085432,0.0011614072,0.00151411,63133,0,Not Reliable
22.88989824,43.0022,0.00015232,15.70864931,0.0012365867,0.00161511,63133,0,Not Reliable
39.6757572,43.0006,0.00016636,15.70868692,0.0014837102,0.00194692,63133,0,Not Reliable
4.578108240000001,43.0005,0.00017512,15.7088894,0.001302964,0.00170565,63133,0,Not Reliable
18.311874,43.0002,0.00016268,15.70838887,0.0015535758,0.00203852,63133,0,Not Reliable
7.630102320000001,43.0001,0.00011742,15.7090433,0.0012479429,0.00163303,63133,0,Not Reliable
15.25968096,43.0001,9.549e-05,15.70869497,0.0016981669,0.00223692,63133,0,Not Reliable
10.68224688,42.9999,0.0001128,15.70986282,0.0016274,0.00215176,63133,0,Not Reliable
6.10400496,43.0001,0.000156,15.70865325,0.0013792,0.00180616,63133,0,Not Reliable
7.62986544,43.0007,0.00014078,15.70873859,0.0013135849,0.00171876,63133,0,Not Reliable
7.63010304,43.0005,0.00015869,15.70911755,0.0016524515,0.0021789,63133,0,Not Reliable
21.36386952,43.0002,0.00016303,15.70865399,0.0015872213,0.0020863,63133,0,Not Reliable
1.5259684800000002,43.0006,0.00011317,15.70859531,0.0017090004,0.00225064,63133,1,Reliable
16.78591128,43.0031,0.0002492,15.70863583,0.0013074,0.00170982,63133,0,Not Reliable
7.63007568,43.0002,0.0002277,15.70985121,0.0016719746,0.00221247,63133,0,Not Reliable
18.31178472,43.0002,0.00019774,15.7087439,0.001578377,0.00207517,63133,0,Not Reliable
28.99408368,42.9999,0.0005537,15.70813177,0.0017144133,0.00225471,63133,0,Not Reliable
15.26017176,42.9999,0.00028162,15.70978473,0.0012609023,0.00165581,63133,0,Not Reliable
32.04579144,43.0009,0.00019107,15.70886197,0.00095542444,0.00124237,63133,0,Not Reliable
16.592612159999998,43.0007,0.0001552,15.70966498,0.00081838781,0.00106482,63133,0,Not Reliable
13.92703056,43.0012,0.00017758,15.70883012,-0.00098492149,-0.00125176,63133,0,Not Reliable
16.78592904,43.0007,0.00044183,15.70898211,0.00068435773,0.00088557,63133,0,Not Reliable
15.2598156,43.0041,0.000385,15.70911446,0.00095143682,0.00123872,63133,0,Not Reliable
7.63018104,43.0009,0.0002897,15.70928658,0.00082677,0.00107431,63133,0,Not Reliable
15.2603148,43.0019,0.0002277,15.70820216,0.00088388,0.00114448,63133,0,Not Reliable
7.62998952,43.0005,0.0001948,15.7087121,0.00095436,0.00124017,63133,0,Not Reliable
16.785695999999998,43.0022,0.0002361,15.7085947,0.00090935988,0.00118008,63133,0,Not Reliable
15.26008848,43.0011,0.00025059,15.70907406,0.00062758861,0.00081106,63133,0,Not Reliable
7.62985176,43.0007,0.0001847,15.70911018,0.0011698,0.00152904,63133,0,Not Reliable
32.045932560000004,43.0011,0.0002177,15.7086921,0.00080117193,0.00103777,63133,0,Not Reliable
15.25991832,43.0025,0.00025543,15.70862134,0.00083500927,0.00108208,63133,0,Not Reliable
32.04600432,43.0033,0.00025889,15.70895771,0.00083899141,0.0010889,63133,0,Not Reliable
15.25993368,43.0012,0.00015916,15.708257,0.0011826036,0.00154047,63133,0,Not Reliable
7.6300236,43.0008,0.00035212,15.70831005,0.0009943417,0.00129116,63133,0,Not Reliable
15.25987056,43.0007,0.00015358,15.70865099,0.0010957116,0.00142736,63133,0,Not Reliable
7.630055759999999,43.0002,0.00015524,15.70928405,0.0011631449,0.00152125,63133,0,Not Reliable
16.78600968,43.0004,0.00017962,15.70856064,0.0010287913,0.00133796,63133,0,Not Reliable
7.63013616,43.0004,0.00043453,15.70818427,0.0013941792,0.00182312,63133,0,Not Reliable
22.88936856,43.0003,0.00015939,15.70856962,0.0013680921,0.00179056,63133,0,Not Reliable
15.26018856,43.0007,0.00058885,15.7098216,0.0012754265,0.00167665,63133,0,Not Reliable
6.10407024,43.0003,0.00014866,15.70931375,0.0011047485,0.00144347,63133,0,Not Reliable
16.78601232,43.001,7.277e-05,15.70834106,0.0010778531,0.00140174,63133,0,Not Reliable
1.525968,42.9998,0.0005791,15.70939469,0.0012643281,0.00165863,63133,1,Reliable
7.63005336,43.0011,0.00030736,15.70828601,0.0016881802,0.00221965,63133,0,Not Reliable
22.889676960000003,43.0008,0.00016376,15.70864578,0.0010835124,0.00141111,63133,0,Not Reliable
15.19815672,43.0014,0.00044942,15.70965133,0.001133553,0.00148462,63133,0,Not Reliable
8.000000159999999,43.0004,0.00016821,15.70847275,-0.00047597344,-0.00061096,63133,1,Reliable
7.999721999999999,43.0005,0.00015078,15.70856747,-0.00063811086,-0.00081586,63133,1,Reliable
8.000000159999999,43.0004,0.00014541,15.70959831,-0.0018505447,-0.00232555,63133,1,Reliable
6.0,43.0001,0.00015422,15.7085967,-0.00062473421,-0.00079911,63133,1,Reliable
2.0002778400000003,42.9998,0.0001389,15.70868702,-0.00083769,-0.00106695,63133,1,Reliable
1.999722,43.0001,0.0001479,15.70838754,-0.00033838102,-0.00043638,63133,1,Reliable
13.36806096,43.0004,0.0001509,15.70802266,0.00050726494,0.00065048,63133,1,Reliable
9.15612168,43.0005,0.00036307,15.70973787,0.0012383107,0.00162531,63133,0,Not Reliable
21.36393024,43.001,0.00013566,15.70860155,0.0010531586,0.00137051,63133,0,Not Reliable
1.52589288,42.9993,0.0001104,15.70939215,0.0010055,0.00131177,63133,1,Reliable
21.36402024,43.0021,0.0003273,15.70957394,0.001154,0.0015112,63133,0,Not Reliable
25.94195832,42.9974,0.00014596,15.70982594,0.0016300825,0.00215514,63133,0,Not Reliable
7.63021008,42.9992,0.000143,15.70850959,0.00020849,0.00026401,63133,0,Not Reliable
12.20758488,42.9974,0.0001313,15.70893389,0.0014812,0.00194559,63133,0,Not Reliable
4.57799208,42.9983,0.000193,15.70933326,0.0015918,0.0020986,63133,0,Not Reliable
22.89015576,42.9988,0.0001161,15.70908751,0.0013223,0.00173304,63133,0,Not Reliable
12.2079408,42.9995,0.00019097,15.70959902,0.0013066178,0.00171579,63133,0,Not Reliable
10.681902,42.9987,0.00012767,15.70899422,0.0010965324,0.00143054,63133,0,Not Reliable
24.41598144,43.0025,0.000243,15.70895529,0.0011908142,0.00155613,63133,0,Not Reliable
41.20190856,42.9988,0.00020712,15.70987129,0.0012138307,0.0015931,63133,0,Not Reliable
1.52583912,43.0001,0.0001481,15.70940088,0.000292,0.00037345,63133,1,Reliable
3.05211648,43.0004,0.00020688,15.70882968,-0.00038030555,-0.00049052,63133,0,Not Reliable
16.78584816,42.9998,0.00016396,15.70856979,0.00074179714,0.00095908,63133,0,Not Reliable
7.630055759999999,42.9998,0.00021798,15.70906526,0.00084751506,0.00110062,63133,0,Not Reliable
7.630128239999999,43.0002,0.00014609,15.70878874,0.0012649199,0.00165397,63133,0,Not Reliable
7.62977352,43.0001,4.788e-05,15.70868091,0.0013029709,0.00170413,63133,0,Not Reliable
6.10405896,42.9996,0.0001644,15.70886042,0.0014419,0.00189211,63133,0,Not Reliable
3.052038,43.0001,0.000249,15.70830824,0.00078786735,0.00101861,63133,1,Reliable
13.73384976,42.9998,0.0001338,15.70854471,0.0011909,0.00155343,63133,0,Not Reliable
1.52597136,43.0012,0.00028993,15.70902089,0.0010114855,0.00131774,63133,1,Reliable
12.55424328,43.0019,0.00023992,15.27671498,0.00082997877,0.00022712,63403,0,Not Reliable
1.56931728,43.0021,7.75e-05,15.27540718,0.00074177,0.00020181,63403,1,Reliable
1.5692496,43.0009,5.91e-05,15.2754071,0.00048567,0.0001311,63403,1,Reliable
7.84643856,43.0025,0.00010786,15.27560598,0.0013759036,0.00037771,63403,1,Reliable
14.12328984,43.0021,9.597e-05,15.27577604,0.0012888585,0.00035372,63403,1,Reliable
9.41567208,43.0023,9.748e-05,15.27615211,0.0012146239,0.00033349,63403,0,Not Reliable
14.1236436,43.0026,5.38e-05,15.27581355,0.00088146951,0.00024074,63403,0,Not Reliable
9.41559888,43.0051,0.0001044,15.27586342,0.00093145,0.00025462,63403,1,Reliable
23.5384692,43.0018,9.511e-05,15.27590582,0.0011174898,0.00030626,63403,1,Reliable
14.12396688,43.0045,0.0003335,15.27626663,0.000911462,0.00024942,63403,0,Not Reliable
9.41573184,43.0015,0.00015022,15.27550361,0.00084294734,0.00022985,63403,1,Reliable
23.53897536,43.0007,0.00014327,15.27569658,0.00085426408,0.00023312,63403,1,Reliable
23.53940112,42.9949,0.00018648,15.27591245,0.00049452405,0.00013376,63403,0,Not Reliable
23.53906368,43.0111,7.01e-05,15.27590892,0.00070378773,0.00019161,63403,0,Not Reliable
14.12365368,42.9933,0.00033887,15.27576888,0.00099491331,0.00027217,63403,0,Not Reliable
9.41555712,42.998,0.0002098,15.27577703,0.00068165669,0.00018542,63403,1,Reliable
37.66214712,43.0051,0.00021021,15.27598853,0.00079293614,0.00021635,63403,0,Not Reliable
9.4154052,43.0089,3.979e-05,15.27626619,0.00063778421,0.00017354,63403,1,Reliable
14.12384784,42.9878,0.0004523,15.2761744,0.00059267013,0.00016104,63403,0,Not Reliable
9.41563992,43.0003,9.339e-05,15.27576411,0.00040524123,0.00010905,63403,1,Reliable
31.38611568,42.9977,0.00022719,15.27585157,0.00068083173,0.00018523,63403,0,Not Reliable
6.277008,42.9995,3.645e-05,15.27572399,0.00053725445,0.00014548,63403,1,Reliable
9.41555256,42.9959,7.31e-05,15.27593027,0.00066976,0.00018221,63403,1,Reliable
9.415521839999998,42.9992,0.0001413,15.27598739,0.00063532,0.00017271,63403,1,Reliable
4.70765064,43.0031,0.00012605,15.27606113,0.00053582275,0.00014523,63403,1,Reliable
70.617414,43.0007,0.00016495,15.27620601,0.00070810557,0.00019299,63403,0,Not Reliable
26.67758808,42.9973,0.00011142,15.2757339,0.00045917573,0.00012392,63403,1,Reliable
21.96982128,42.9997,0.00013627,15.27591656,0.00038405684,0.00010325,63403,0,Not Reliable
25.10828688,42.9985,8.003e-05,15.27595351,0.00060624066,0.00016465,63403,0,Not Reliable
23.53916328,43.0012,0.00022956,15.27611932,0.00093476634,0.00025576,63403,0,Not Reliable
23.5392348,43.0005,0.00020401,15.27598002,0.00091165491,0.00024924,63403,0,Not Reliable
23.53902936,42.9994,0.00020373,15.27591876,0.00091863178,0.00025112,63403,0,Not Reliable
67.47878352,42.9995,0.00020373,15.27604885,0.00090698136,0.00024799,63403,0,Not Reliable
23.53895688,42.9984,4.085e-05,15.27632909,0.00095932325,0.00026273,63403,0,Not Reliable
47.07861792,42.9995,0.0001338,15.27605228,-7.101e-05,-2.217e-05,63403,0,Not Reliable
17.26181592,43.0034,0.00020738,15.27596914,0.0011593465,0.00031795,63403,0,Not Reliable
1.56925248,43.0001,0.00020981,15.27626703,0.0016827545,0.00046403,63403,1,Reliable
31.3858284,43.0002,0.00018429,15.27629145,0.0016766273,0.00046235,63403,0,Not Reliable
17.261804400000003,43.0028,0.00013944,15.27585124,0.00075683983,0.00020626,63403,1,Reliable
6.27775176,43.0035,0.000166,15.27604592,0.00065347,0.00017777,63403,0,Not Reliable
23.53890432,43.0033,9.305e-05,15.27563687,0.00045996187,0.0001241,63403,0,Not Reliable
15.69210696,43.0033,0.00018489,15.27598605,0.00058418472,0.00015857,63403,0,Not Reliable
7.846482239999999,43.0151,0.00051803,15.27616868,0.00055703036,0.00015118,63403,0,Not Reliable
4.707610320000001,43.0036,0.0001635,15.27618339,0.00048015,0.00012989,63403,1,Reliable
4.70794056,43.0093,0.0003563,15.27614779,0.00040631,0.00010948,63403,0,Not Reliable
31.38573144,43.0045,0.0001737,15.27594392,0.00034826,9.337e-05,63403,0,Not Reliable
15.6925656,43.0052,7.128e-05,15.27591799,0.00063657357,0.00017302,63403,1,Reliable
15.6927636,43.0045,0.00013357,15.27593198,0.00036689808,9.852e-05,63403,0,Not Reliable
7.8463512,43.0028,9.355e-05,15.27593295,0.00039751347,0.00010697,63403,1,Reliable
7.84644504,43.0029,0.00014097,15.27585666,0.0003279599,8.775e-05,63403,1,Reliable
12.55418016,43.0013,8.129e-05,15.27582858,0.00037614136,0.00010104,63403,1,Reliable
10.98475296,43.002,5.38e-05,15.27587719,0.00037959799,0.00010201,63403,1,Reliable
7.84652088,43.0038,0.00021816,15.27588599,0.00031879553,8.523e-05,63403,0,Not Reliable
4.70781048,43.001,5.855e-05,15.27585257,0.00033412601,8.945e-05,63403,1,Reliable
20.40060624,43.006,0.00010354,15.27579989,0.00024104432,6.377e-05,63403,1,Reliable
6.27708648,43.0037,0.00010257,15.27577673,0.0001362289,3.488e-05,63403,1,Reliable
7.84634496,43.0028,0.00010789,15.27580087,0.00014832172,3.822e-05,63403,1,Reliable
7.84636104,43.0013,0.00012468,15.27586187,0.00020889364,5.492e-05,63403,1,Reliable
4.70781384,43.0005,7.9e-05,15.27592428,0.00040653,0.00010946,63403,1,Reliable
26.6777436,43.002,0.00011836,15.27585088,0.00025621372,6.796e-05,63403,0,Not Reliable
21.96966912,42.9997,7.97e-05,15.27592397,0.00051737044,0.00014007,63403,0,Not Reliable
15.69271872,43.0044,8.486e-05,15.27606203,0.00090707324,0.00024802,63403,0,Not Reliable
7.84617504,43.0003,0.00010799,15.27593775,0.00066137995,0.0001799,63403,1,Reliable
15.69287856,42.9981,9.998e-05,15.27622827,0.00088541106,0.00024214,63403,0,Not Reliable
1.5692697599999998,43.0027,0.0001394,15.2756744,0.0003392627,9.082e-05,63403,1,Reliable
6.27722544,43.0007,0.0001078,15.2756861,0.00038865,0.00010444,63403,1,Reliable
17.26204704,43.0033,9.421e-05,15.27564305,0.0006303439,0.00017115,63403,1,Reliable
23.53913136,43.0054,0.00013409,15.27599329,0.0014301756,0.00039326,63403,0,Not Reliable
15.69285384,43.0056,0.00025505,15.27554303,-0.00022636107,-6.482e-05,63403,1,Reliable
7.846368,43.0041,0.00019433,15.27592792,0.0012643623,0.00034708,63403,1,Reliable
6.27713256,43.0055,0.0001579,15.27592886,0.00081250553,0.00022172,63403,1,Reliable
17.2621452,43.0052,0.00023493,15.27589031,0.00066699167,0.00018143,63403,0,Not Reliable
6.27714504,43.0052,0.00011938,15.27574741,0.00049969878,0.00013511,63403,1,Reliable
23.5389252,43.004,0.00021674,15.27577614,0.0010771855,0.00029497,63403,0,Not Reliable
9.41541792,43.0029,0.00012914,15.27616214,0.00098359873,0.00026933,63403,1,Reliable
14.12336544,43.0023,0.00013263,15.27618421,0.00061422058,0.00016698,63403,0,Not Reliable
9.41573376,43.0024,0.00016107,15.27581568,-0.00036236692,-0.00010221,63403,1,Reliable
23.53932984,43.0019,0.00013146,15.27572565,-0.00012664214,-3.744e-05,63403,1,Reliable
7.84638744,43.0029,0.0001415,15.27578305,0.00050521,0.00013665,63403,1,Reliable
7.846314,43.0006,0.00010993,15.27584219,0.00052527726,0.00014222,63403,1,Reliable
15.692750640000002,43.0008,0.00013737,15.27590199,0.00054461476,0.00014759,63403,0,Not Reliable
7.84638408,42.9981,6.108e-05,15.27594952,0.00058377651,0.00015844,63403,1,Reliable
23.53913208,43.0034,0.00015698,15.27588791,0.00050051722,0.0001354,63403,0,Not Reliable
15.6926304,43.0009,0.00010715,15.27600386,0.00091849023,0.00025114,63403,0,Not Reliable
7.8462672,43.0031,0.00014939,15.27593334,0.00080253945,0.00021897,63403,1,Reliable
23.539326000000003,43.0018,0.00012435,15.27602386,0.00059348916,0.00016116,63403,0,Not Reliable
21.9699816,43.0026,0.00015433,15.27564696,0.00070072112,0.00019061,63403,0,Not Reliable
25.10823672,43.0016,0.00014102,15.27574272,0.00034196311,9.158e-05,63403,1,Reliable
23.53963656,42.998,0.00029264,15.27596789,0.00046778421,0.0001264,63403,0,Not Reliable
7.84615848,43.0035,0.00010236,15.27587026,0.00087289607,0.00023841,63403,1,Reliable
17.26200432,43.0011,0.00012886,15.2762135,0.0010209434,0.00027974,63403,0,Not Reliable
6.2770536,42.9999,0.00028327,15.27570274,-8.897143e-06,-5.07e-06,63403,1,Reliable
9.41579376,43.0004,0.0003362,15.27583834,0.00050168,0.00013571,63403,0,Not Reliable
6.2771748,43.0021,0.0001567,15.27587214,0.00079497,0.00021683,63403,1,Reliable
7.84648056,43.0009,0.0002559,15.27573391,0.0006495,0.00017651,63403,1,Reliable
7.84638048,43.0007,0.000213,15.27570741,0.00049499,0.0001338,63403,1,Reliable
9.41559672,43.0019,0.0001807,15.27585849,0.00062237,0.00016907,63403,1,Reliable
14.1232608,43.0012,0.00017737,15.2759683,0.00061136319,0.00016608,63403,1,Reliable
9.41543232,43.0002,0.00017368,15.27607108,0.00046966843,0.00012695,63403,1,Reliable
15.69263088,43.0013,0.00014482,15.27614813,0.00044452684,0.00012003,63403,0,Not Reliable
6.27705552,43.0004,0.0001201,15.27599484,0.00013043,3.331e-05,63403,1,Reliable
7.84647192,43.0004,0.00016137,15.27595292,0.00027048276,7.192e-05,63403,0,Not Reliable
15.6926892,43.0007,4.8e-05,15.275805,0.00010892,2.737e-05,63403,1,Reliable
15.69274704,43.0011,8.172e-05,15.27581332,0.00015152298,3.91e-05,63403,1,Reliable
6.2771040000000005,42.9998,5.069e-05,15.27585181,0.00022850135,6.032e-05,63403,1,Reliable
3.13856208,42.9991,4.18e-05,15.27585589,0.00025144,6.665e-05,63403,1,Reliable
14.12343888,43.0008,5.03e-05,15.27582212,0.00019141,5.009e-05,63403,1,Reliable
6.27710328,42.9994,6.682e-05,15.27585984,0.00026395359,7.01e-05,63403,1,Reliable
9.415567439999998,42.9995,8.94e-05,15.27584832,0.00023299718,6.156e-05,63403,1,Reliable
7.8464844,43.002,0.0001746,15.27597635,0.00045,0.00012148,63403,0,Not Reliable
25.10839176,42.9991,5.019e-05,15.27582474,0.00024077805,6.37e-05,63403,0,Not Reliable
29.8161612,43.0021,6.126e-05,15.27581817,0.00020005312,5.247e-05,63403,0,Not Reliable
15.69269088,43.0006,9.138e-05,15.27597946,0.00051151585,0.00013848,63403,0,Not Reliable
7.846286640000001,42.9993,6.715e-05,15.27590018,0.0004379782,0.00011813,63403,1,Reliable
17.262086160000003,43.0009,0.00012103,15.2759715,0.00063002819,0.00017124,63403,0,Not Reliable
4.707839999999999,42.9988,8.767e-05,15.27587279,0.00047099877,0.00012724,63403,1,Reliable
17.2621344,43.0008,0.00010846,15.275819,0.00019523688,5.115e-05,63403,0,Not Reliable
7.84653696,42.998,9.498e-05,15.2757824,0.00035289902,9.461e-05,63403,0,Not Reliable
21.97015056,42.9982,9.506e-05,15.27555864,9.6872164e-05,2.403e-05,63403,1,Reliable
1.56928128,42.9994,9.983e-05,15.27569045,0.00044901786,0.0001211,63403,1,Reliable
25.10832192,42.9998,9.81e-05,15.27572184,0.00051924,0.0001405,63403,1,Reliable
14.12329392,43.0,0.00010567,15.275926,0.00046078387,0.00012444,63403,1,Reliable
7.84622688,42.9994,9.166e-05,15.2760411,0.000450406,0.00012162,63403,1,Reliable
21.96973968,42.9998,9.947e-05,15.27608515,0.00042225527,0.00011386,63403,0,Not Reliable
64.34037144,43.0025,0.00023997,15.27596333,0.00047112322,0.00012731,63403,0,Not Reliable
23.53905048,43.0008,0.00026601,15.27628812,0.00085172736,0.00023286,63403,0,Not Reliable
25.10828616,43.0013,8.91e-05,15.27594323,0.00060413442,0.00016407,63403,0,Not Reliable
23.53907952,42.9976,0.00011683,15.27607558,0.00093283252,0.00025518,63403,0,Not Reliable
4.70796216,42.9931,0.00018223,15.27599948,0.00067052221,0.00018246,63403,0,Not Reliable
17.261782320000002,43.0026,0.00014586,15.27568927,0.00080780701,0.00022026,63403,1,Reliable
1.5691970400000002,43.0037,0.0001882,15.27613679,0.00087395,0.0002389,63403,1,Reliable
15.69291336,43.0023,0.00015738,15.27624392,0.0010722199,0.00029401,63403,0,Not Reliable
7.846768079999999,43.0016,0.00013433,15.27577141,0.00039855239,0.0001072,63403,0,Not Reliable
6.27732144,42.9993,9.168e-05,15.27518342,0.00070933175,0.00019272,63403,1,Reliable
17.26207392,43.0001,9.394e-05,15.27532601,0.0010192816,0.00027852,63403,0,Not Reliable
6.27701568,43.0042,0.00013119,15.2759321,0.0011198981,0.00030696,63403,1,Reliable
1.56924336,43.0018,0.0001052,15.27598812,0.00072538,0.00019764,63403,1,Reliable
23.53881552,43.0021,0.00010909,15.27601953,0.00073614749,0.00020064,63403,0,Not Reliable
23.53898784,43.0015,7.169e-05,15.27624373,0.000944069,0.00025843,63403,0,Not Reliable
23.53901664,43.0026,0.0001353,15.27592172,0.00047017,0.00012703,63403,0,Not Reliable
3.14848752,54.9938,0.0004701,15.23853394,0.0002369,5.456e-05,63429,1,Reliable
4.7227296,54.9938,0.00047068,15.23855361,0.00024014751,5.535e-05,63429,1,Reliable
6.2969628,54.9939,0.00047216,15.23857702,0.00023656913,5.448e-05,63429,1,Reliable
17.320398479999998,54.9941,0.00047526,15.23860856,0.00023611861,5.438e-05,63429,0,Not Reliable
7.87354056,54.9947,0.00049966,15.23402751,0.0002315801,5.252e-05,63429,1,Reliable
3.14941008,54.9945,0.0004952,15.23406604,0.00021848,4.936e-05,63429,1,Reliable
4.72411512,54.9947,0.00049341,15.23408362,0.00023513453,5.338e-05,63429,1,Reliable
3.1494043200000004,54.9946,0.0004895,15.23409928,0.00021645,4.888e-05,63429,1,Reliable
4.72410432,54.9947,0.00049194,15.23412272,0.00023368433,5.304e-05,63429,1,Reliable
7.87349592,54.9948,0.00049405,15.23414513,0.00022970561,5.208e-05,63429,1,Reliable
3.1493935200000003,54.9948,0.0004983,15.2341779,0.00022218,5.027e-05,63429,1,Reliable
4.724082719999999,54.9948,0.0005,15.23419081,0.00021962273,4.966e-05,63429,1,Reliable
3.149388,54.9949,0.0005024,15.2342133,0.0002221,5.026e-05,63429,1,Reliable
15.74689176,54.9949,0.00050435,15.2342347,0.00023579412,5.357e-05,63429,1,Reliable
4.72405152,54.995,0.00051127,15.23429876,0.00022607965,5.123e-05,63429,1,Reliable
3.14936664,54.9951,0.0005145,15.23432293,0.00023278,5.285e-05,63429,1,Reliable
9.44808024,54.9951,0.00051625,15.23431932,0.0002009043,4.516e-05,63429,1,Reliable
18.90165504,54.9951,0.00052138,15.23436573,0.00021166521,4.776e-05,63429,0,Not Reliable
9.4515624,54.9955,0.00052891,15.22872721,0.00017594057,3.846e-05,63429,1,Reliable
3.15051096,54.9954,0.0005377,15.22876992,0.00022698,5.058e-05,63429,1,Reliable
1.57525776,54.9953,0.00053727,15.2287784,0.00020741053,4.593e-05,63429,1,Reliable
11.0267808,54.9954,0.00054107,15.22878331,0.00020237427,4.474e-05,63429,1,Reliable
6.301004399999999,54.9955,0.0005474,15.22882877,0.00020977,4.65e-05,63429,1,Reliable
9.45148704,54.9954,0.0005507,15.22885418,0.00021047,4.667e-05,63429,1,Reliable
3.15049224,54.9955,0.0005577,15.22886813,0.00016973,3.7e-05,63429,1,Reliable
4.7257344,54.9955,0.00055987,15.22888,0.00016982497,3.702e-05,63429,1,Reliable
1.57524072,54.9955,0.0005631,15.22889531,0.00016732,3.643e-05,63429,1,Reliable
31.5140484,54.9955,0.0005638,15.22890701,0.00017703,3.874e-05,63429,0,Not Reliable
6.30328584,54.9954,0.00058215,15.22329052,0.0001031279,2.081e-05,63429,1,Reliable
4.7274648,54.9959,0.0005834,15.22331959,0.00016655,3.562e-05,63429,1,Reliable
4.72746384,54.9957,0.00058893,15.22333073,0.00015162796,3.214e-05,63429,1,Reliable
1.57581912,54.9958,0.0005921,15.22334033,0.00014446,3.046e-05,63429,1,Reliable
15.76185336,54.9958,0.00059322,15.22334514,0.00014533417,3.067e-05,63429,0,Not Reliable
7.88200776,54.9964,0.00060642,15.21770326,0.00013484549,2.772e-05,63429,1,Reliable
9.45839208,54.9963,0.00060607,15.21773333,0.00018440237,3.911e-05,63429,1,Reliable
6.3055831200000005,54.996,0.00061366,15.21775943,0.00016461517,3.456e-05,63429,1,Reliable
14.18754144,54.9961,0.00061869,15.2177901,0.00018019494,3.815e-05,63429,1,Reliable
9.46173792,54.9961,0.0006276,15.21783102,0.00017147,3.615e-05,63429,0,Not Reliable
7.884857279999999,54.9959,0.00063019,15.21222949,0.00015797238,3.247e-05,63429,1,Reliable
1.57696944,54.9959,0.0006441,15.21225323,0.00014893,3.043e-05,63429,1,Reliable
6.307865280000001,54.9958,0.00064602,15.21226281,0.00018534699,3.867e-05,63429,1,Reliable
1.5769668,54.9958,0.0006491,15.2122775,0.00015554,3.193e-05,63429,1,Reliable
6.30785568,54.9958,0.00065053,15.21228127,0.00015278278,3.13e-05,63429,1,Reliable
1.5769631999999998,54.9959,0.0006569,15.21230145,0.00015999,3.294e-05,63429,1,Reliable
6.30785208,54.9959,0.00065704,15.21230385,0.00015238767,3.122e-05,63429,1,Reliable
1.57696104,54.9959,0.0006612,15.21232031,0.00015161,3.104e-05,63429,1,Reliable
6.30784032,54.9959,0.00066241,15.21232588,0.00015290357,3.134e-05,63429,1,Reliable
1.5769608,54.9958,0.000667,15.21234205,0.00014736,3.008e-05,63429,1,Reliable
6.30783288,54.9958,0.00066859,15.21234533,0.00014572157,2.971e-05,63429,1,Reliable
7.884780480000001,54.9958,0.0006742,15.21235861,0.00013623,2.757e-05,63429,1,Reliable
1.57695672,54.9958,0.0006794,15.21238325,0.00014176,2.882e-05,63429,1,Reliable
1.57695456,54.9959,0.00067942,15.21238729,0.00014442397,2.942e-05,63429,1,Reliable
36.28155864,54.9959,0.00068071,15.21239112,0.00014255086,2.9e-05,63429,0,Not Reliable
9.46515888,54.9957,0.0007047,15.2068907,0.00016221,3.288e-05,63429,1,Reliable
1.57752384,54.9959,0.0007136,15.20690563,0.00013557,2.695e-05,63429,1,Reliable
6.31009152,54.9959,0.0007143,15.20690936,0.00013366348,2.653e-05,63429,1,Reliable
1.57752312,54.9959,0.000719,15.20692351,0.00012907,2.551e-05,63429,1,Reliable
6.31008768,54.996,0.00071991,15.20692467,0.00012287234,2.413e-05,63429,1,Reliable
3.15504,54.996,0.00072708,15.20694192,0.00013375569,2.655e-05,63429,1,Reliable
36.29578944,54.9961,0.00072959,15.20694987,0.00013480669,2.679e-05,63429,0,Not Reliable
1.57815864,54.9966,0.0007505,15.20080421,0.0001662,3.314e-05,63429,1,Reliable
9.46893888,54.9966,0.00075285,15.20080847,0.00016449696,3.277e-05,63429,1,Reliable
59.99424648,54.9964,0.00075799,15.20083022,0.00015291333,3.023e-05,63429,0,Not Reliable
11.05201728,54.9969,0.00082305,15.19403325,0.00015408358,2.986e-05,63429,1,Reliable
18.9516612,54.9971,0.00083119,15.19407213,0.00016949051,3.316e-05,63429,0,Not Reliable
17.3751228,54.9973,0.00088729,15.18728052,0.00017889446,3.446e-05,63429,1,Reliable
23.69295768,54.9976,0.00083104,15.18734505,0.00018970231,3.674e-05,63429,0,Not Reliable
20.5334916,54.9981,0.00084979,15.18771782,0.00018783317,3.638e-05,63429,0,Not Reliable
14.21528496,54.9983,0.00085421,15.18798344,0.00018332515,3.546e-05,63429,1,Reliable
1.57946592,54.9984,0.0008633,15.18816412,0.00019195,3.73e-05,63429,1,Reliable
6.31786008,54.9987,0.00085856,15.1881716,0.00019196492,3.731e-05,63429,1,Reliable
6.31783176,54.9981,0.0008716,15.18827246,0.00018294,3.541e-05,63429,1,Reliable
3.1588910400000003,54.9991,0.0008948,15.18832396,0.00018506,3.587e-05,63429,1,Reliable
7.89720432,54.9992,0.00089431,15.18837339,0.0001843225,3.572e-05,63429,1,Reliable
7.89715728,54.9982,0.00088525,15.18847609,0.00017751404,3.429e-05,63429,1,Reliable
7.89713568,54.9986,0.00086265,15.18851893,0.00017392465,3.354e-05,63429,1,Reliable
34.74680544,54.9994,0.00091066,15.18863943,0.00017420044,3.361e-05,63429,0,Not Reliable
12.6348984,54.9996,0.00095383,15.18900224,0.00017861586,3.458e-05,63429,1,Reliable
7.89674592,55.0003,0.0009146,15.18928943,0.00018984,3.699e-05,63429,1,Reliable
7.89667344,55.0007,0.00091601,15.18934613,0.00019957959,3.905e-05,63429,1,Reliable
7.89656952,55.0007,0.00094082,15.18954454,0.00018545405,3.609e-05,63429,1,Reliable
14.21367168,55.0005,0.00093361,15.18969233,0.00019124382,3.733e-05,63429,1,Reliable
6.3171264,55.001,0.00094199,15.189916,0.00020031034,3.928e-05,63429,1,Reliable
1.5792748799999998,55.0009,0.0009688,15.19004173,0.00019642,3.847e-05,63429,1,Reliable
23.68875528,55.0009,0.00097163,15.19005178,0.00019715194,3.863e-05,63429,0,Not Reliable
23.6880072,55.0009,0.00097054,15.19042995,0.00019331812,3.786e-05,63429,0,Not Reliable
14.21232984,54.9995,0.0009968,15.19099459,0.00021776091,4.312e-05,63429,0,Not Reliable
18.94941864,55.0009,0.00099536,15.1913796,0.00020469926,4.039e-05,63429,0,Not Reliable
4.73733096,55.0015,0.00096311,15.19159851,0.00016401385,3.175e-05,63429,1,Reliable
11.05365936,55.001,0.00100535,15.19170506,0.00013935285,2.651e-05,63429,1,Reliable
9.47449104,55.001,0.0010095,15.19180457,0.00012825,2.415e-05,63429,1,Reliable
1.57908048,55.0009,0.0010319,15.19190885,0.00011681,2.172e-05,63429,1,Reliable
6.3162648,55.0008,0.00103243,15.19191225,0.00011515387,2.136e-05,63429,1,Reliable
1.57906968,55.0012,0.0010123,15.19201589,0.000108,1.985e-05,63429,1,Reliable
3.15813504,55.0012,0.00101306,15.19201995,0.00010667136,1.956e-05,63429,1,Reliable
25.264818,55.001,0.00101824,15.19203802,0.00010392426,1.898e-05,63429,0,Not Reliable
12.63223944,55.0007,0.00101035,15.19228997,8.7914231e-05,1.558e-05,63429,1,Reliable
11.05315224,55.0014,0.00101416,15.19244015,8.6572688e-05,1.53e-05,63429,1,Reliable
3.15802584,55.0007,0.0010193,15.19255655,8.7609e-05,1.552e-05,63429,1,Reliable
17.3689884,55.001,0.00102823,15.19257514,8.4301302e-05,1.482e-05,63429,1,Reliable
11.05243248,55.0006,0.0010186,15.19270751,7.2692e-05,1.235e-05,63429,0,Not Reliable
9.4739292,55.0007,0.0009878,15.19275385,-0.00054779,-0.00011997,63429,1,Reliable
3.1579752,55.0004,0.0010139,15.19280557,-0.0005322,-0.00011668,63429,1,Reliable
14.21125656,55.0004,0.00101528,15.19279222,-0.00052698591,-0.00011557,63429,0,Not Reliable
1.57897944,55.0,0.0010219,15.19287294,5.6543e-05,8.9e-06,63429,1,Reliable
6.31591128,54.9999,0.00102257,15.19287468,5.5690302e-05,8.72e-06,63429,1,Reliable
1.57897944,55.0,0.0010228,15.19287941,5.1178e-05,7.75e-06,63429,1,Reliable
6.3159036,54.9999,0.00102382,15.19288058,5.0316102e-05,7.57e-06,63429,1,Reliable
6.31591008,54.9998,0.0010241,15.19289387,5.359e-05,8.27e-06,63429,1,Reliable
3.15796584,54.9997,0.0010247,15.19289924,5.1053e-05,7.73e-06,63429,1,Reliable
6.31590696,54.9996,0.00102488,15.1929017,5.4466255e-05,8.46e-06,63429,1,Reliable
1.57897632,54.9996,0.0010248,15.19290539,5.0423e-05,7.59e-06,63429,1,Reliable
6.31590456,54.9996,0.00102504,15.1929067,4.9753537e-05,7.45e-06,63429,1,Reliable
7.89487776,54.9994,0.0010262,15.19291263,4.776e-05,7.02e-06,63429,1,Reliable
9.47384832,54.9993,0.0010266,15.1929207,4.6765e-05,6.81e-06,63429,1,Reliable
6.3158988,54.9991,0.00102747,15.19292638,4.2073729e-05,5.81e-06,63429,1,Reliable
6.31589496,54.999,0.00102846,15.19292985,3.9777666e-05,5.32e-06,63429,1,Reliable
9.47427672,54.9989,0.0010282,15.19293429,3.7981e-05,4.94e-06,63429,0,Not Reliable
3.15809376,54.999,0.0010419,15.19223361,3.7751e-05,4.87e-06,63429,1,Reliable
4.73714064,54.9988,0.00104222,15.19223479,3.676515e-05,4.66e-06,63429,1,Reliable
9.47428464,54.9986,0.0010423,15.19223654,3.4894905e-05,4.26e-06,63429,1,Reliable
1.5790442400000002,54.9984,0.0010427,15.19223983,3.6649e-05,4.64e-06,63429,1,Reliable
6.316159679999999,54.9984,0.00104271,15.19224162,3.6009501e-05,4.5e-06,63429,1,Reliable
15.790374,54.9977,0.00104386,15.19226565,5.1398719e-05,7.78e-06,63429,1,Reliable
1.57903032,54.9969,0.0010504,15.1923418,4.7302e-05,6.91e-06,63429,1,Reliable
7.89518496,54.997,0.00104621,15.19234739,4.6893241e-05,6.82e-06,63429,1,Reliable
1.57903224,54.9979,0.00104772,15.1923565,4.6135487e-05,6.66e-06,63429,1,Reliable
6.31612992,54.9979,0.0010491,15.19235973,4.567e-05,6.56e-06,63429,1,Reliable
4.73709648,54.9977,0.00104915,15.19237006,4.8605943e-05,7.19e-06,63429,1,Reliable
11.05360296,54.9992,0.00106121,15.19239288,4.7707275e-05,7e-06,63429,0,Not Reliable
4.73724744,54.9972,0.00103065,15.19183353,4.5071718e-05,6.42e-06,63429,1,Reliable
3.15818424,54.9963,0.0010281,15.19184942,3.9548e-05,5.25e-06,63429,1,Reliable
6.3163416,54.997,0.00102709,15.19185144,4.605943e-05,6.63e-06,63429,1,Reliable
9.47448312,54.9967,0.00102645,15.19186647,4.5500469e-05,6.52e-06,63429,1,Reliable
4.737239280000001,54.9966,0.00103189,15.19189954,4.3479753e-05,6.09e-06,63429,1,Reliable
11.0535468,54.9967,0.0010323,15.19191068,4.2916e-05,5.97e-06,63429,1,Reliable
9.47444784,54.996,0.00103232,15.19195247,5.214266e-05,7.93e-06,63429,1,Reliable
6.31626336,54.9958,0.00103556,15.19196874,5.3650281e-05,8.25e-06,63429,1,Reliable
7.89536016,54.9957,0.00103196,15.19201816,7.039771e-05,1.183e-05,63429,1,Reliable
7.89533136,54.9952,0.00103143,15.19203458,8.7561219e-05,1.549e-05,63429,1,Reliable
14.2115268,54.995,0.00103528,15.19206158,0.00010537142,1.929e-05,63429,1,Reliable
9.47480112,54.9942,0.00103846,15.19214616,0.00012348619,2.316e-05,63429,0,Not Reliable
7.89560424,54.9944,0.00103425,15.19150607,0.00014053443,2.674e-05,63429,1,Reliable
9.47470368,54.9943,0.00103579,15.19153787,0.00014876922,2.85e-05,63429,1,Reliable
7.89555744,54.994,0.00103645,15.19156546,0.0001409495,2.683e-05,63429,1,Reliable
6.31644192,54.9938,0.00103608,15.19161724,0.00022679347,4.513e-05,63429,1,Reliable
1.57911048,54.9937,0.0010361,15.19164273,0.00022992,4.58e-05,63429,1,Reliable
9.47461752,54.9937,0.00103747,15.19164901,0.00022990414,4.58e-05,63429,1,Reliable
6.3164124,54.9935,0.00103764,15.19171233,0.00026944309,5.424e-05,63429,1,Reliable
7.89548904,54.9933,0.0010361,15.19173521,0.00026477151,5.325e-05,63429,1,Reliable
33.16094928,54.9932,0.00103625,15.19177343,0.00027644374,5.574e-05,63429,1,Reliable
7.89543192,54.9927,0.00104331,15.19188151,0.00026399164,5.31e-05,63429,1,Reliable
15.79081416,54.9923,0.0010401,15.19189586,0.00026446393,5.321e-05,63429,1,Reliable
6.31630776,54.9924,0.00104149,15.19195243,0.00027112672,5.464e-05,63429,1,Reliable
1.57907832,54.9922,0.0010413,15.19197807,0.00027325,5.51e-05,63429,1,Reliable
6.31629,54.9922,0.0010398,15.19198252,0.00027571892,5.562e-05,63429,1,Reliable
3.158142,54.9921,0.00104134,15.19201778,0.00029494606,5.973e-05,63429,1,Reliable
22.10692608,54.9921,0.0010427,15.19203476,0.00030069,6.096e-05,63429,1,Reliable
4.73717352,54.9921,0.00104885,15.19211461,0.00029622973,6.003e-05,63429,1,Reliable
3.15811272,54.9921,0.0010492,15.19214361,0.000307,6.233e-05,63429,1,Reliable
17.36956608,54.9922,0.00104946,15.19216033,0.00030939791,6.285e-05,63429,1,Reliable
7.89522216,54.9924,0.00105062,15.19223992,0.00028912421,5.853e-05,63429,1,Reliable
12.63229176,54.9926,0.00105081,15.19227707,0.00028020488,5.663e-05,63429,1,Reliable
9.47417952,54.9928,0.0010535,15.19236331,0.00031913,6.497e-05,63429,1,Reliable
6.316097999999999,54.993,0.0010558,15.1924186,0.00031802,6.474e-05,63429,1,Reliable
7.895096639999999,54.9931,0.00105639,15.19246935,0.00035439606,7.253e-05,63429,1,Reliable
3.1580320800000004,54.9933,0.0010565,15.1925252,0.00037343,7.661e-05,63429,1,Reliable
7.89506184,54.9933,0.00105709,15.19254612,0.00037279561,7.648e-05,63429,1,Reliable
7.89503208,54.9937,0.00105799,15.19259217,0.00036288764,7.437e-05,63429,1,Reliable
7.8950004,54.9938,0.00105919,15.1926595,0.00040808519,8.406e-05,63429,1,Reliable
6.31597944,54.9938,0.00106174,15.19271822,0.00041781029,8.616e-05,63429,1,Reliable
1.57899336,54.9941,0.0010622,15.19275248,0.00039108,8.044e-05,63429,1,Reliable
7.894946640000001,54.9942,0.001062,15.19276396,0.00039398899,8.107e-05,63429,1,Reliable
7.89489432,54.9943,0.00106392,15.19282828,0.00042106513,8.688e-05,63429,1,Reliable
12.63228456,54.9944,0.00106283,15.19292371,0.00051166097,0.00010632,63429,0,Not Reliable
11.05315848,54.9949,0.0010841,15.19239745,0.00048430633,0.00010031,63429,1,Reliable
28.422008400000003,54.995,0.00108166,15.19250897,0.00049973813,0.00010364,63429,1,Reliable
6.315940319999999,54.9954,0.00108655,15.1927902,0.00041938194,8.652e-05,63429,1,Reliable
22.106157600000003,54.9953,0.00108992,15.19283934,0.00039593945,8.151e-05,63429,0,Not Reliable
3.1581168,54.996,0.00109687,15.1920972,0.00033325647,6.794e-05,63429,1,Reliable
12.63243168,54.996,0.00109721,15.19211937,0.00032854052,6.694e-05,63429,1,Reliable
7.89523584,54.9962,0.00109922,15.19219989,0.00031142982,6.33e-05,63429,1,Reliable
11.05327152,54.9963,0.00110009,15.19224303,0.00030064803,6.1e-05,63429,1,Reliable
3.15807648,54.9965,0.0010967,15.19233643,0.00031159,6.336e-05,63429,1,Reliable
3.15806712,54.9964,0.0010971,15.19234819,0.00029343,5.948e-05,63429,1,Reliable
4.73709504,54.9966,0.00109897,15.19236992,0.00029724579,6.03e-05,63429,1,Reliable
3.1580532,54.9968,0.00109962,15.19238562,0.00027862897,5.632e-05,63429,1,Reliable
12.63215304,54.9969,0.0011032,15.19243927,0.00042033,8.663e-05,63429,1,Reliable
3.15802608,54.997,0.0011067,15.19256108,0.00049982,0.00010368,63429,1,Reliable
4.73702544,54.9971,0.001107,15.19258739,0.00050528868,0.00010486,63429,1,Reliable
1.57900464,54.9973,0.0011066,15.19264951,0.00057714,0.00012027,63429,1,Reliable
4.737007439999999,54.9973,0.00110663,15.19266529,0.00058126532,0.00012116,63429,1,Reliable
9.47397744,54.9973,0.0011036,15.19270967,0.00061354,0.00012809,63429,1,Reliable
7.89492912,54.9973,0.0011076,15.19276791,0.00054283,0.00011296,63429,1,Reliable
4.73694096,54.9981,0.0011055,15.19284972,0.00058964,0.00012302,63429,1,Reliable
12.63181992,54.9982,0.0011058,15.19289102,0.00055388,0.00011537,63429,1,Reliable
1.57897272,54.9985,0.0011065,15.19295073,0.00037212,7.644e-05,63429,1,Reliable
22.10681736,54.9986,0.00110574,15.19295833,0.0003624993,7.438e-05,63429,0,Not Reliable
1.57905768,54.9989,0.0011133,15.192125,0.00041569,8.556e-05,63429,1,Reliable
6.31622472,54.9991,0.00111288,15.19213605,0.00041986867,8.646e-05,63429,1,Reliable
4.73715672,54.9993,0.001113,15.19216132,0.00037096,7.601e-05,63429,1,Reliable
4.737142319999999,54.9994,0.001113,15.19219429,0.00036883,7.556e-05,63429,1,Reliable
14.21137608,54.9995,0.00111161,15.19223906,0.00040497618,8.33e-05,63429,1,Reliable
17.36931624,54.9997,0.0011114,15.19233852,0.0004067,8.369e-05,63429,1,Reliable
6.31607184,54.9999,0.00110921,15.19247814,0.00043793113,9.041e-05,63429,1,Reliable
3.1580294400000004,54.9999,0.0011094,15.19253934,0.00047411,9.817e-05,63429,1,Reliable
6.31604568,54.9999,0.0011081,15.19256543,0.0004765,9.869e-05,63429,1,Reliable
6.31601688,55.0,0.00110671,15.19261431,0.00047983861,9.942e-05,63429,1,Reliable
3.1580028,54.9999,0.0011087,15.19267793,0.0005074,0.00010534,63429,1,Reliable
4.73698368,54.9999,0.00110707,15.19270404,0.00051532417,0.00010705,63429,1,Reliable
1.57899312,54.9999,0.0011049,15.1927405,0.00049628,0.00010298,63429,1,Reliable
1.57899312,54.9999,0.00110422,15.19275598,0.00049924254,0.00010362,63429,1,Reliable
6.31595328,54.9999,0.0011039,15.19276728,0.00049067,0.00010178,63429,1,Reliable
6.3159264,54.9999,0.00110264,15.19282278,0.00049378614,0.00010247,63429,1,Reliable
3.1579548,54.9998,0.0011023,15.19289799,0.0005429,0.00011302,63429,1,Reliable
4.73691576,54.9998,0.00110154,15.19292379,0.00054157295,0.00011274,63429,1,Reliable
1.5789696000000002,54.9998,0.0010986,15.19296863,0.0005349,0.00011133,63429,1,Reliable
9.4737936,54.9997,0.00109874,15.19298338,0.00052956188,0.00011019,63429,1,Reliable
7.89478728,54.9997,0.00109871,15.19306813,0.00054502884,0.00011353,63429,1,Reliable
6.31579224,54.9997,0.00109763,15.1931387,0.00053631684,0.00011169,63429,1,Reliable
9.47364936,54.9997,0.00109456,15.19320498,0.00054241092,0.00011301,63429,1,Reliable
7.89466056,54.9997,0.0010933,15.19329797,0.00057046011,0.00011906,63429,1,Reliable
9.4735236,54.9997,0.00108877,15.19339673,0.00065016739,0.00013622,63429,1,Reliable
6.3156516,54.9996,0.00108459,15.19351731,0.00072459492,0.00015226,63429,1,Reliable
7.89452208,54.9997,0.00108504,15.19357492,0.0006864505,0.00014409,63429,1,Reliable
4.7369364,54.9997,0.00108017,15.19365062,0.00063543053,0.00013315,63429,0,Not Reliable
12.63245808,54.9999,0.00107103,15.19207002,0.00063198529,0.00013179,63429,1,Reliable
7.89523728,54.9998,0.00107122,15.19221859,0.00073551006,0.00015401,63429,1,Reliable
7.89517848,54.9998,0.00106691,15.19229111,0.00067360796,0.00014079,63429,1,Reliable
7.89514008,54.9996,0.00105736,15.19237801,0.00065465781,0.00013676,63429,1,Reliable
7.89510696,54.9998,0.00105613,15.19245952,0.0006252208,0.00013049,63429,1,Reliable
7.8950472,55.0001,0.00106253,15.19253908,0.00061582294,0.00012851,63429,1,Reliable
4.73701704,54.9998,0.00105796,15.19263072,0.00064212047,0.00013417,63429,1,Reliable
3.15800304,54.9998,0.0010571,15.19266283,0.00058206,0.00012132,63429,1,Reliable
7.89496872,54.9998,0.00105594,15.19269303,0.00057331659,0.00011945,63429,1,Reliable
7.89511224,55.0,0.00105299,15.19277802,0.00058148892,0.00012123,63429,0,Not Reliable
6.316080479999999,55.0,0.00104014,15.192478,0.00055037851,0.00011446,63429,1,Reliable
3.1580304,54.9999,0.0010372,15.19253978,0.00055279,0.000115,63429,1,Reliable
14.21103384,54.9998,0.00103724,15.19257056,0.00055427053,0.00011533,63429,1,Reliable
9.473958,54.9997,0.00103103,15.19270214,0.00052026609,0.00010809,63429,1,Reliable
7.895073839999999,54.9995,0.00102884,15.19280125,0.00055736938,0.00011607,63429,1,Reliable
7.895069039999999,54.9999,0.00101454,15.19250971,0.00055851066,0.00011621,63429,1,Reliable
4.73702616,54.9994,0.00101125,15.19258537,0.00056355443,0.00011731,63429,1,Reliable
3.1580088,54.9992,0.0010108,15.19262784,0.00055602,0.00011571,63429,1,Reliable
6.31599408,54.9992,0.00101004,15.19265976,0.00055500794,0.00011551,63429,1,Reliable
6.31596096,54.9991,0.0010067,15.19272251,0.00055712571,0.00011598,63429,1,Reliable
1.57898688,54.9989,0.00100514,15.1928011,0.00059609857,0.00012436,63429,1,Reliable
7.894922879999999,54.9989,0.0010043,15.19281661,0.00059794,0.00012476,63429,1,Reliable
14.21078208,54.9986,0.00099967,15.19288086,0.00056469247,0.00011766,63429,1,Reliable
1.5789672,54.9983,0.0009965,15.19298816,0.00049594,0.00010295,63429,1,Reliable
7.89482112,54.9983,0.00099829,15.19299272,0.00046066861,9.54e-05,63429,1,Reliable
1.57895952,54.9981,0.0009941,15.19306514,0.00049383,0.00010252,63429,1,Reliable
6.3158352,54.998,0.00099364,15.19308025,0.00049587136,0.00010297,63429,1,Reliable
1.57895304,54.9979,0.0009894,15.19311765,0.00046585,9.654e-05,63429,1,Reliable
15.79028088,54.9979,0.0009896,15.19313364,0.00047656,9.884e-05,63429,0,Not Reliable
1.57902096,54.9975,0.00098476,15.19249894,0.00065979718,0.00013789,63429,1,Reliable
3.15803736,54.9975,0.0009821,15.19251733,0.00067255,0.00014062,63429,1,Reliable
3.15803928,54.9976,0.0009768,15.19255059,0.00070434,0.00014745,63429,1,Reliable
3.15803376,54.9975,0.00097581,15.19256804,0.00067472562,0.00014111,63429,1,Reliable
12.63207648,54.9975,0.00096924,15.19260188,0.00069698425,0.00014589,63429,1,Reliable
3.15801576,54.9969,0.00097623,15.19265005,0.00054945548,0.00011431,63429,1,Reliable
3.15799464,54.9969,0.0009692,15.19265811,0.00042485,8.763e-05,63429,1,Reliable
1.5789991200000002,54.9968,0.0009667,15.19270034,0.00047752,9.892e-05,63429,1,Reliable
6.315974880000001,54.9968,0.00096571,15.19271398,0.00048407044,0.00010032,63429,1,Reliable
1.57899,54.9967,0.0009649,15.19278203,0.0005339,0.00011102,63429,1,Reliable
6.3159648,54.9967,0.00096342,15.19279628,0.00053989689,0.0001123,63429,1,Reliable
1.57898424,54.9965,0.000961,15.19281972,0.00050462,0.00010475,63429,1,Reliable
6.31591512,54.9965,0.00095947,15.19283456,0.00050517998,0.00010488,63429,1,Reliable
1.57897728,54.9965,0.0009524,15.19288988,0.00048778,0.00010117,63429,1,Reliable
6.31588776,54.9965,0.00095061,15.19290498,0.0004878303,0.00010118,63429,1,Reliable
3.15792216,54.9965,0.0009508,15.19296131,0.00047476,9.84e-05,63429,1,Reliable
4.736892,54.9964,0.00094966,15.1930058,0.00051227893,0.00010645,63429,1,Reliable
1.57895904,54.9963,0.0009466,15.19304258,0.00048229,0.00010004,63429,1,Reliable
6.31582512,54.9963,0.00094585,15.19305862,0.00047885304,9.93e-05,63429,1,Reliable
3.15790704,54.9965,0.0009415,15.19310726,0.00044147,9.131e-05,63429,1,Reliable
4.736844959999999,54.9964,0.00093947,15.19313342,0.0004286792,8.857e-05,63429,1,Reliable
9.4736652,54.9963,0.00093715,15.1931725,0.00042397069,8.757e-05,63429,1,Reliable
1.5789369599999998,54.9961,0.000934,15.19324295,0.00040216,8.291e-05,63429,1,Reliable
1.57893792,54.9961,0.00093367,15.19325791,0.00040434306,8.339e-05,63429,1,Reliable
6.3161052,54.9962,0.0009336,15.1932685,0.00039975,8.24e-05,63429,0,Not Reliable
1.57902192,54.9965,0.00092645,15.19242365,0.00036606198,7.499e-05,63429,1,Reliable
6.31608576,54.9963,0.0009253,15.19243482,0.00035964,7.362e-05,63429,1,Reliable
6.3160713600000005,54.9962,0.00092274,15.19247099,0.00033118611,6.755e-05,63429,1,Reliable
1.5790152,54.9962,0.0009209,15.19251589,0.00033943,6.932e-05,63429,1,Reliable
7.8950508,54.9962,0.00092045,15.19252535,0.00033687395,6.878e-05,63429,1,Reliable
7.895031840000001,54.9961,0.00091458,15.19258762,0.00036061077,7.386e-05,63429,1,Reliable
6.31600392,54.9961,0.00091114,15.19262875,0.00032369265,6.598e-05,63429,1,Reliable
1.57899984,54.996,0.0009083,15.19267234,0.00032557,6.639e-05,63429,1,Reliable
7.894979279999999,54.996,0.00090683,15.19268147,0.00032554614,6.638e-05,63429,1,Reliable
4.73697312,54.9959,0.00090118,15.19273135,0.00032698384,6.67e-05,63429,1,Reliable
3.15797928,54.9959,0.0008977,15.19276156,0.00032037,6.529e-05,63429,1,Reliable
9.47391528,54.9959,0.00089557,15.19278194,0.00032684148,6.668e-05,63429,1,Reliable
3.15796488,54.9958,0.00088997,15.19283286,0.00030972461,6.303e-05,63429,1,Reliable
20.52726624,54.9958,0.0008872,15.19285185,0.00031439,6.403e-05,63429,0,Not Reliable
4.73703528,54.9954,0.0008649,15.19253243,0.00033907,6.924e-05,63429,1,Reliable
1.57901208,54.9954,0.0008608,15.19255896,0.00032104,6.539e-05,63429,1,Reliable
6.31603152,54.9953,0.00085935,15.19256874,0.00031889333,6.493e-05,63429,1,Reliable
3.15800952,54.9952,0.0008572,15.19261163,0.00032716,6.671e-05,63429,1,Reliable
6.31599912,54.9952,0.00085572,15.19263098,0.00032721571,6.672e-05,63429,1,Reliable
1.5789984,54.9951,0.0008512,15.1926877,0.00036777,7.541e-05,63429,1,Reliable
4.736988,54.9951,0.00084995,15.19269759,0.00036958682,7.58e-05,63429,1,Reliable
3.157986,54.9951,0.0008461,15.19272525,0.00036079,7.392e-05,63429,1,Reliable
6.31595592,54.995,0.00084319,15.19274797,0.00036282519,7.436e-05,63429,1,Reliable
1.57898832,54.995,0.0008389,15.19278901,0.00035786,7.331e-05,63429,1,Reliable
6.31593576,54.995,0.00083733,15.19279927,0.00035878278,7.351e-05,63429,1,Reliable
3.1579608,54.995,0.0008322,15.19284725,0.00037131,7.62e-05,63429,1,Reliable
4.73693088,54.9949,0.00082925,15.19287319,0.00038896536,7.998e-05,63429,1,Reliable
12.7599732,97.4189,0.00019177,15.0566077,0.00039153266,5.597e-05,65599,1,Reliable
11.16502536,97.4163,0.0002418,15.05660162,0.00038265524,5.469e-05,65599,1,Reliable
12.75989688,97.416,0.00026163,15.05658748,0.00042642956,6.102e-05,65599,1,Reliable
12.76011576,97.4163,0.000312,15.05663743,0.00043016,6.156e-05,65599,0,Not Reliable
4.784999040000001,97.4148,0.00029735,15.05662464,0.00044308858,6.343e-05,65599,1,Reliable
15.94996632,97.4083,0.00028752,15.05663486,0.00067172882,9.651e-05,65599,1,Reliable
1.5950361599999998,97.4067,0.0002552,15.0566196,0.0003441,4.912e-05,65599,1,Reliable
1.5950196,97.4043,9.503e-05,15.0566368,0.00044253039,6.335e-05,65599,1,Reliable
11.1649728,97.4041,0.0001407,15.05662211,0.0004476,6.408e-05,65599,1,Reliable
6.380020559999999,97.4044,0.0001257,15.05661753,0.00041176,5.89e-05,65599,1,Reliable
12.7600548,97.4016,0.00019469,15.05659395,0.00046794166,6.702e-05,65599,1,Reliable
17.54487432,97.4012,0.0001578,15.05656309,0.0002528,3.592e-05,65599,1,Reliable
11.16502728,97.3957,0.00020764,15.05673535,0.00054781336,7.86e-05,65599,0,Not Reliable
19.14014616,97.3952,0.00014386,15.05664187,0.0004210932,6.025e-05,65599,0,Not Reliable
6.38002608,97.3933,0.0002811,15.05660174,0.00059894,8.597e-05,65599,1,Reliable
9.56994384,97.3894,0.0001855,15.05656323,0.00019881,2.812e-05,65599,1,Reliable
1.59500424,97.3863,0.0002012,15.05661494,0.00046489,6.658e-05,65599,1,Reliable
12.75998208,97.3858,0.00020045,15.05658158,0.00031072426,4.429e-05,65599,1,Reliable
11.16497016,97.3862,0.0001957,15.05662591,0.00038732,5.537e-05,65599,1,Reliable
12.75996936,97.3844,0.0002916,15.05664242,0.00040764402,5.831e-05,65599,1,Reliable
4.78506456,97.3802,0.00023138,15.05661367,0.00022855255,3.243e-05,65599,1,Reliable
6.3799776,97.3798,0.0002177,15.05658458,0.00023492,3.334e-05,65599,1,Reliable
23.92503528,97.3777,0.0002282,15.05662971,0.00029079313,4.142e-05,65599,0,Not Reliable
6.380033040000001,97.3729,0.00021549,15.0565676,0.00013919195,1.952e-05,65599,1,Reliable
4.7849472,97.3731,0.000216,15.05653962,0.00029496042,4.201e-05,65599,1,Reliable
3.19001976,97.373,0.0001916,15.05659023,0.00024374,3.462e-05,65599,1,Reliable
9.569988,97.3706,0.00019588,15.05662578,0.00025060477,3.561e-05,65599,1,Reliable
14.35509096,97.3684,0.00021801,15.05663386,0.00032933446,4.699e-05,65599,0,Not Reliable
7.97493192,97.366,0.0002299,15.05660499,0.00070728,0.00010165,65599,1,Reliable
7.975016640000001,97.366,0.00020513,15.05661225,0.00036689805,5.242e-05,65599,1,Reliable
7.975002,97.3642,0.00021977,15.05656555,0.00020174395,2.855e-05,65599,1,Reliable
3.19000032,97.362,0.0002103,15.05660697,0.0003056,4.356e-05,65599,1,Reliable
6.380033040000001,97.3619,0.00020903,15.05660912,0.00036597341,5.229e-05,65599,1,Reliable
6.37996056,97.3605,0.0001792,15.05652043,3.4364408e-05,4.39e-06,65599,1,Reliable
7.97503752,97.36,0.0001956,15.05655771,0.000143,2.007e-05,65599,1,Reliable
3.18996192,97.3594,0.0001889,15.05653329,0.00010349,1.436e-05,65599,1,Reliable
6.37999608,97.3582,0.00018907,15.05660867,0.00029106281,4.146e-05,65599,1,Reliable
6.38001312,97.3555,0.0001977,15.05659417,0.00025518,3.627e-05,65599,1,Reliable
11.16500544,97.3555,0.0001935,15.05657206,0.00021206,3.004e-05,65599,1,Reliable
6.3799968,97.3529,0.00019998,15.05658794,0.000299092,4.262e-05,65599,1,Reliable
6.37998768,97.3519,0.00021186,15.05658944,0.00029928212,4.265e-05,65599,1,Reliable
6.380009759999999,97.3512,0.00020059,15.05661158,0.00033420778,4.77e-05,65599,1,Reliable
9.56997096,97.3506,0.0001929,15.05658505,0.00018078,2.553e-05,65599,1,Reliable
1.59501816,97.3504,0.0001934,15.05661403,0.000225,3.192e-05,65599,1,Reliable
14.3549916,97.3499,0.0002036,15.0565972,0.00025485,3.623e-05,65599,1,Reliable
3.19000128,97.345,0.0001747,15.0565984,0.00030625,4.365e-05,65599,1,Reliable
9.57001584,97.3449,0.00016639,15.05659997,0.0003463488,4.945e-05,65599,1,Reliable
4.7849479200000005,97.3428,0.00015634,15.05659665,0.00018472919,2.61e-05,65599,1,Reliable
4.7850708,97.3427,0.00021273,15.05654896,0.00015201315,2.137e-05,65599,1,Reliable
1.59498504,97.3427,0.0001685,15.05656143,0.00017155,2.419e-05,65599,1,Reliable
7.97501616,97.3425,0.00019873,15.05653933,0.00019963447,2.825e-05,65599,1,Reliable
3.19003776,97.3419,0.0001859,15.05658995,0.00028321,4.033e-05,65599,1,Reliable
4.78497672,97.3389,0.00018329,15.05660709,0.00036829922,5.262e-05,65599,1,Reliable
6.379953840000001,97.339,0.00017726,15.05662344,0.00045847161,6.566e-05,65599,1,Reliable
1.5950664,97.3387,0.0001635,15.05661129,0.00014111,1.98e-05,65599,1,Reliable
55.82495112,97.3406,0.00022573,15.05655651,7.9699032e-05,1.093e-05,65599,1,Reliable
44.66000928,97.328,0.00014972,15.05663687,0.00034060774,4.863e-05,65599,0,Not Reliable
6.38000736,97.3241,0.00014494,15.05663955,0.00035373136,5.052e-05,65599,1,Reliable
22.3299684,97.3168,0.00017337,15.05659723,0.00041502194,5.938e-05,65599,1,Reliable
1.5950361599999998,97.3144,0.0001368,15.0566552,0.00011315,1.577e-05,65599,1,Reliable
6.3799908,97.3156,0.00014037,15.05663083,0.00037593089,5.373e-05,65599,1,Reliable
4.78495032,97.3159,7.714e-05,15.05664867,0.000548318,7.866e-05,65599,1,Reliable
11.16504768,97.3153,0.0001302,15.05666256,0.00061369,8.813e-05,65599,1,Reliable
11.165019119999998,97.3123,0.00014378,15.0566472,0.00044309673,6.345e-05,65599,1,Reliable
3.19005408,97.3123,0.00012141,15.0565915,9.640204e-05,1.335e-05,65599,1,Reliable
11.1649752,97.3089,0.00014557,15.05655837,0.00022655005,3.214e-05,65599,1,Reliable
6.37997712,97.3074,0.00011247,15.05653354,-3.59376e-07,-6.2e-07,65599,1,Reliable
6.3800148,97.3059,0.0001959,15.05665651,0.00049417,7.084e-05,65599,1,Reliable
4.7850072,97.3028,0.0001223,15.05663424,0.00053593,7.687e-05,65599,1,Reliable
6.38002032,97.3036,0.00015525,15.05661887,0.00041797792,5.981e-05,65599,1,Reliable
7.97501424,97.3041,0.00018145,15.05660798,0.0003051836,4.351e-05,65599,1,Reliable
9.56997144,97.3017,0.00017835,15.0565668,0.00017513011,2.472e-05,65599,1,Reliable
30.30501504,97.3003,0.00018368,15.05662185,0.00029883011,4.259e-05,65599,0,Not Reliable
11.16499848,97.2922,0.00019093,15.05662492,0.00030729506,4.382e-05,65599,1,Reliable
6.38000088,97.2924,0.0001817,15.05661734,0.00025465,3.621e-05,65599,1,Reliable
4.784976,97.292,0.00018496,15.05662879,0.00030042996,4.282e-05,65599,1,Reliable
1.59498816,97.2916,0.0001939,15.05666656,0.00037989,5.431e-05,65599,1,Reliable
6.380028,97.2876,0.0002134,15.05668359,0.00048154422,6.902e-05,65599,1,Reliable
11.165041680000002,97.288,0.000184,15.0566192,0.00036804497,5.26e-05,65599,1,Reliable
6.3799819200000005,97.2865,0.00019876,15.0565847,0.00015796218,2.224e-05,65599,1,Reliable
6.38001384,97.283,0.00019386,15.05661701,0.00023290678,3.307e-05,65599,1,Reliable
35.09000592,97.2834,0.00019785,15.05659837,0.00026482019,3.768e-05,65599,0,Not Reliable
12.75993456,97.2836,0.00018226,15.05662604,0.00032230403,4.599e-05,65599,1,Reliable
4.7849544,97.2829,0.00017908,15.05669023,0.00044302757,6.345e-05,65599,1,Reliable
12.75994392,97.2823,0.00015014,15.05673478,0.00054446861,7.813e-05,65599,1,Reliable
14.35503768,97.2829,0.0001675,15.05673116,0.00050671,7.267e-05,65599,0,Not Reliable
7.97522112,97.2861,6.08e-05,15.05663414,0.00032345,4.615e-05,65599,0,Not Reliable
1.59505488,97.2847,0.0001936,15.05646725,0.00026204,3.726e-05,65599,1,Reliable
14.35520592,97.282,0.0002078,15.05642296,-1.9813546e-05,-3.42e-06,65599,1,Reliable
9.57011736,97.2824,0.0001588,15.05638921,0.00023028,3.267e-05,65599,1,Reliable
1.59501,97.2825,0.0001512,15.0564306,0.00053129,7.616e-05,65599,1,Reliable
4.7850331200000005,97.2826,0.0001498,15.05644072,0.00051949934,7.446e-05,65599,1,Reliable
7.9750452,97.2826,0.00014642,15.0564545,0.0004534154,6.491e-05,65599,1,Reliable
9.57001584,97.2826,0.000143,15.05648757,0.00042175,6.034e-05,65599,1,Reliable
6.37999968,97.2825,0.0001385,15.05653476,0.00039088,5.588e-05,65599,1,Reliable
7.97498904,97.2825,0.00013663,15.05656146,0.00038144979,5.452e-05,65599,1,Reliable
33.4947564,97.2825,0.0001321,15.056593,0.00037841549,5.409e-05,65599,1,Reliable
9.56990112,97.2822,0.00011507,15.05673423,0.00037848332,5.412e-05,65599,1,Reliable
14.35484352,97.2821,0.00010849,15.05674026,0.00030128751,4.296e-05,65599,1,Reliable
14.3549472,97.2817,0.0001474,15.05674428,0.00020852,2.955e-05,65599,1,Reliable
20.73496848,97.2814,0.00010072,15.05668344,5.7721438e-05,7.77e-06,65599,1,Reliable
3.18997704,97.2816,0.00011432,15.05662402,8.669154e-06,6.9e-07,65599,1,Reliable
9.56995728,97.282,9.89e-05,15.05664564,9.7684e-05,1.354e-05,65599,1,Reliable
11.16500736,97.2819,9.349e-05,15.05665771,0.00014256253,2.002e-05,65599,1,Reliable
3.19002744,97.2824,7.44e-05,15.05663238,0.00014488377,2.036e-05,65599,1,Reliable
9.57003624,97.2813,7.91e-05,15.05660566,0.00017308,2.443e-05,65599,1,Reliable
11.1650172,97.2822,8.8e-05,15.05658515,0.00012259,1.713e-05,65599,1,Reliable
3.1899943200000003,97.2824,8.297e-05,15.05657621,0.00012311514,1.721e-05,65599,1,Reliable
9.56997672,97.2824,8.306e-05,15.05658536,0.00014274145,2.004e-05,65599,1,Reliable
14.355006,97.2822,8.58e-05,15.05661265,0.00019829,2.807e-05,65599,1,Reliable
9.5699832,97.2824,9.227e-05,15.05661482,0.00028022953,3.99e-05,65599,1,Reliable
1.5949932,97.2824,9.49e-05,15.05662251,0.00024054,3.417e-05,65599,1,Reliable
9.57000048,97.2825,9.72e-05,15.05662266,0.00022438602,3.184e-05,65599,1,Reliable
1.59500688,97.2824,9.273e-05,15.05661555,0.00018422767,2.604e-05,65599,1,Reliable
11.16502608,97.2825,0.0001011,15.05660476,0.0001528,2.15e-05,65599,1,Reliable
11.16501624,97.2822,9.974e-05,15.0565826,9.744993e-05,1.35e-05,65599,1,Reliable
12.76000152,97.2824,0.00010528,15.05657504,9.6304135e-05,1.334e-05,65599,1,Reliable
1.59500064,97.2826,0.00010828,15.0566014,0.00015063293,2.118e-05,65599,1,Reliable
12.76002408,97.2826,0.00010914,15.05659861,0.00014247586,2.001e-05,65599,1,Reliable
11.16496896,97.2828,0.00010585,15.05659593,0.00023784859,3.378e-05,65599,1,Reliable
12.76001256,97.2824,0.00010731,15.05661372,0.00021527544,3.052e-05,65599,1,Reliable
9.57001824,97.2829,9.54e-05,15.05659779,0.00016627,2.344e-05,65599,1,Reliable
7.97500032,97.283,0.00010599,15.05658689,0.00013697356,1.921e-05,65599,1,Reliable
6.380009759999999,97.2829,0.00011319,15.05658912,0.00013256342,1.857e-05,65599,1,Reliable
9.56999448,97.2829,0.00011288,15.05659004,0.00015753552,2.218e-05,65599,1,Reliable
1.5950016,97.2829,0.00011864,15.05661628,0.00022058181,3.129e-05,65599,1,Reliable
23.924962800000003,97.2828,0.00011956,15.05661554,0.00021814069,3.093e-05,65599,1,Reliable
11.16501048,97.2828,0.00013297,15.05665327,0.00032133521,4.585e-05,65599,1,Reliable
12.76005,97.283,0.00012102,15.05661418,0.00018834263,2.663e-05,65599,1,Reliable
11.16504888,97.2832,0.00015243,15.05658268,0.00010658461,1.482e-05,65599,1,Reliable
4.7849844,97.2821,0.0001553,15.05655609,9.9006e-05,1.373e-05,65599,1,Reliable
7.974974159999999,97.2828,0.00014739,15.0565882,0.000195896,2.772e-05,65599,1,Reliable
25.51997832,97.2828,0.00015049,15.05663107,0.00031689555,4.52e-05,65599,0,Not Reliable
22.33001352,97.2842,0.00015255,15.05664621,0.00030225293,4.309e-05,65599,0,Not Reliable
23.92506648,97.2828,0.00013576,15.05660782,0.00016348511,2.304e-05,65599,0,Not Reliable
17.54501856,97.2832,0.00013656,15.05660794,0.00026259596,3.736e-05,65599,1,Reliable
6.379993440000001,97.2828,0.00013681,15.05661264,0.00032344532,4.615e-05,65599,1,Reliable
17.5449768,97.2828,0.0001415,15.05660908,0.00027355,3.894e-05,65599,1,Reliable
6.37998504,97.2825,0.0001345,15.05661805,0.00023883,3.392e-05,65599,1,Reliable
11.16525288,97.2825,0.00013616,15.05662561,0.00023294222,3.307e-05,65599,0,Not Reliable
12.76017408,97.2852,0.00011942,15.0564354,0.00013677734,1.917e-05,65599,1,Reliable
14.35515,97.283,0.00015092,15.05642242,4.2140638e-05,5.52e-06,65599,1,Reliable
20.73492096,97.2824,0.0001366,15.0565176,0.00081624,0.0001174,65599,1,Reliable
3.18997128,97.2818,0.00011217,15.05665278,0.00051259289,7.35e-05,65599,1,Reliable
9.56990856,97.2818,0.0001094,15.05668675,0.00059803,8.587e-05,65599,1,Reliable
11.16488544,97.2818,0.00010312,15.05672207,0.00050834743,7.29e-05,65599,1,Reliable
3.18994632,97.2817,9.846e-05,15.05675795,0.00045675367,6.544e-05,65599,1,Reliable
9.5698524,97.2818,9.623e-05,15.05678935,0.00052074966,7.471e-05,65599,1,Reliable
14.35492416,97.2818,9.74e-05,15.05681237,0.00043076,6.169e-05,65599,0,Not Reliable
9.56996376,97.2818,9.631e-05,15.05671497,9.7911215e-05,1.358e-05,65599,1,Reliable
14.3549928,97.2823,0.00012023,15.05669384,6.7408401e-05,9.17e-06,65599,1,Reliable
33.49503768,97.2823,9.685e-05,15.0566542,3.9447724e-05,5.13e-06,65599,0,Not Reliable
23.925012,97.2821,0.00011409,15.05656649,6.65553e-05,9.04e-06,65599,1,Reliable
11.16501504,97.2819,0.00012493,15.05658706,0.00013261029,1.858e-05,65599,1,Reliable
7.97499672,97.2824,0.0001167,15.0565895,0.00015486846,2.179e-05,65599,1,Reliable
4.7849808,97.2825,0.00010825,15.05660484,0.00022476468,3.189e-05,65599,1,Reliable
14.35501656,97.2826,0.00011037,15.05662769,0.00026732207,3.804e-05,65599,1,Reliable
4.78513272,97.2827,0.000113,15.05660461,0.00021369,3.029e-05,65599,1,Reliable
6.380226,97.2843,8.591e-05,15.0565113,1.9864264e-05,2.3e-06,65599,0,Not Reliable
6.38018688,97.2817,0.00011416,15.05635255,-0.00026354861,-3.855e-05,65599,1,Reliable
3.189984,97.2823,0.0001178,15.05630449,-0.00026655,-3.898e-05,65599,1,Reliable
3.1898292,97.2812,0.00011905,15.05632613,-0.00020458706,-3.005e-05,65599,0,Not Reliable
4.78502472,97.2831,0.000105,15.05652909,0.00028417,4.046e-05,65599,1,Reliable
6.3800124,97.2833,0.00010863,15.05654088,0.00032683205,4.663e-05,65599,1,Reliable
6.3800335200000005,97.2834,0.00010927,15.05658299,0.00043294662,6.197e-05,65599,1,Reliable
6.3800244,97.2837,0.0001271,15.05659872,0.00050895,7.296e-05,65599,1,Reliable
11.16491784,97.284,0.0001104,15.05660164,0.00055183,7.916e-05,65599,1,Reliable
6.3799596,97.2835,0.0001131,15.05666619,0.0004771,6.837e-05,65599,1,Reliable
6.37992168,97.284,0.0001106,15.05667778,0.00048727,6.984e-05,65599,1,Reliable
4.7849546400000005,97.284,0.000116,15.05669173,0.00023202,3.295e-05,65599,1,Reliable
6.3799308,97.284,0.0001179,15.05670466,0.00023202089,3.295e-05,65599,1,Reliable
6.3799296,97.284,0.000119,15.05672033,0.00022391,3.178e-05,65599,1,Reliable
6.3800328,97.2841,0.0001226,15.05673713,0.00022749,3.23e-05,65599,1,Reliable
11.1650016,97.2839,0.00012789,15.05666006,3.9086551e-05,5.08e-06,65599,1,Reliable
1.59499152,97.2838,0.0001336,15.05663096,2.6595e-05,3.28e-06,65599,1,Reliable
22.33000296,97.2839,0.000134,15.05663314,2.967e-05,3.72e-06,65599,1,Reliable
14.35503768,97.2837,0.0001502,15.05659308,8.651e-06,6.9e-07,65599,1,Reliable
9.56998752,97.2835,0.00015068,15.05658508,0.0001383347,1.941e-05,65599,1,Reliable
12.7600188,97.2834,0.0001523,15.05660708,0.00017415433,2.458e-05,65599,1,Reliable
4.78500192,97.2831,0.0001628,15.05659638,0.00019972,2.827e-05,65599,1,Reliable
4.784986559999999,97.2831,0.00016116,15.05660338,0.00022330339,3.168e-05,65599,1,Reliable
1.59500184,97.283,0.000163,15.05660752,0.0002063,2.922e-05,65599,1,Reliable
6.37998,97.2829,0.0001636,15.05660629,0.00020066,2.841e-05,65599,1,Reliable
7.975036559999999,97.2829,0.00016739,15.0566243,0.00022474765,3.189e-05,65599,1,Reliable
9.5700024,97.2827,0.00016902,15.05659449,0.00016179599,2.28e-05,65599,1,Reliable
12.76000992,97.2827,0.000171,15.05659051,0.00014591,2.05e-05,65599,1,Reliable
9.56999664,97.2824,0.00017542,15.0565953,0.00017491029,2.469e-05,65599,1,Reliable
1.5949932,97.2823,0.00017858,15.05660636,0.00019367109,2.74e-05,65599,1,Reliable
11.16501528,97.2823,0.00017936,15.05660525,0.00018039834,2.548e-05,65599,1,Reliable
11.16499416,97.2822,0.00018682,15.05659445,0.00015916182,2.241e-05,65599,1,Reliable
7.974977040000001,97.2821,0.00019354,15.0566283,0.00026353962,3.749e-05,65599,1,Reliable
7.97502336,97.2819,0.00018889,15.05665819,0.00032465921,4.633e-05,65599,1,Reliable
20.73495864,97.2822,0.00017993,15.05661432,0.00021849294,3.099e-05,65599,1,Reliable
12.76005432,97.282,0.00017922,15.05662319,0.00018544282,2.621e-05,65599,1,Reliable
11.16499776,97.2819,0.00018744,15.05656927,9.7935441e-05,1.357e-05,65599,1,Reliable
1.5950088,97.2816,0.00018735,15.05656941,7.2944414e-05,9.97e-06,65599,1,Reliable
11.1649812,97.2819,0.00018004,15.0565665,9.083965e-05,1.255e-05,65599,1,Reliable
11.16498432,97.2815,0.00018234,15.05659885,0.00015152684,2.131e-05,65599,1,Reliable
3.19005672,97.2819,0.00016716,15.05661928,0.00012349751,1.727e-05,65599,1,Reliable
9.5699856,97.2817,0.00017076,15.05657675,0.00018958454,2.681e-05,65599,1,Reliable
6.37999104,97.2817,0.0001711,15.05660275,0.00022979557,3.262e-05,65599,1,Reliable
4.78500528,97.2815,0.0001691,15.05660447,0.00021565,3.057e-05,65599,1,Reliable
1.594998,97.2815,0.00016628,15.05659717,0.00018925335,2.676e-05,65599,1,Reliable
22.3299672,97.2817,0.00016376,15.05659743,0.0001875156,2.651e-05,65599,1,Reliable
36.68502959999999,97.2815,0.00016289,15.05662172,0.00021681341,3.074e-05,65599,0,Not Reliable
11.1650016,97.2813,0.00015778,15.05659053,0.00014497794,2.037e-05,65599,1,Reliable
12.76000896,97.2802,0.00014495,15.05661478,0.00022085149,3.133e-05,65599,1,Reliable
11.16501768,97.2819,0.00019919,15.05663058,0.00053263956,7.64e-05,65599,1,Reliable
12.75999336,97.2808,0.00016532,15.05659515,0.00026024254,3.701e-05,65599,1,Reliable
9.57000648,97.2815,0.00017747,15.05664424,0.00032910962,4.697e-05,65599,1,Reliable
12.7599828,97.2818,0.00017028,15.05662311,0.0002923217,4.165e-05,65599,1,Reliable
4.785,97.2816,0.0001746,15.05666004,0.00034301,4.898e-05,65599,1,Reliable
20.7349992,97.2818,0.0001833,15.05663868,0.00028654,4.082e-05,65599,1,Reliable
3.18997272,97.2809,0.0001556,15.05665443,0.00031427,4.483e-05,65599,1,Reliable
4.78499112,97.281,0.00015468,15.05667444,0.00034087991,4.868e-05,65599,1,Reliable
3.19001808,97.2811,0.0001533,15.0566702,0.00035782,5.113e-05,65599,1,Reliable
6.38002272,97.281,0.0001478,15.05663804,0.00021068888,2.986e-05,65599,1,Reliable
1.5949953600000002,97.281,0.0001535,15.05659979,0.00013689,1.92e-05,65599,1,Reliable
6.379964640000001,97.281,0.00015345,15.0566111,0.00017432602,2.461e-05,65599,1,Reliable
6.37999104,97.2809,0.0001569,15.05664048,0.00023524,3.341e-05,65599,1,Reliable
3.19002384,97.281,0.0001599,15.05663442,0.00020096,2.845e-05,65599,1,Reliable
4.78510704,97.2809,0.00014137,15.05662306,0.00026176356,3.724e-05,65599,1,Reliable
3.1899804,97.2809,0.0001457,15.05656047,0.00012579,1.759e-05,65599,1,Reliable
4.7849707200000005,97.2809,0.00016374,15.05656669,0.00017138723,2.418e-05,65599,1,Reliable
1.5949939199999998,97.2809,0.0001553,15.05661048,0.00031348,4.471e-05,65599,1,Reliable
9.57004176,97.2809,0.00015656,15.05662288,0.00035735934,5.105e-05,65599,1,Reliable
3.18991464,97.281,0.00015245,15.05657474,0.00020153002,2.853e-05,65599,1,Reliable
7.97508672,97.281,0.0001848,15.05656286,5.8300313e-05,7.85e-06,65599,1,Reliable
1.59496968,97.2811,0.0001969,15.05658007,0.00022197,3.149e-05,65599,1,Reliable
1.59499344,97.2811,0.0002006,15.05661003,0.00030226,4.309e-05,65599,1,Reliable
6.37997544,97.2812,0.00019066,15.05664461,0.00043804797,6.272e-05,65599,1,Reliable
6.38004768,97.2816,0.0002272,15.05664887,0.00036232,5.177e-05,65599,1,Reliable
7.97502984,97.2839,0.00016801,15.05657414,0.00017684382,2.497e-05,65599,1,Reliable
3.18998184,97.2841,0.00018025,15.05655154,9.484314e-05,1.313e-05,65599,1,Reliable
22.329996,97.2843,0.0001828,15.05657918,0.00015119277,2.126e-05,65599,1,Reliable
12.76000992,97.2852,0.00018557,15.05660281,0.00018167674,2.567e-05,65599,1,Reliable
1.59500712,97.2849,0.00018525,15.05659401,0.00014360424,2.017e-05,65599,1,Reliable
22.33000656,97.2849,0.00018308,15.05659422,0.00017170149,2.423e-05,65599,1,Reliable
12.76001184,97.2853,0.0001985,15.05658515,0.00010845,1.509e-05,65599,1,Reliable
11.16502152,97.2853,0.00020638,15.05657564,9.1229158e-05,1.26e-05,65599,1,Reliable
6.38000232,97.2855,0.0002156,15.05656915,9.6894e-05,1.342e-05,65599,1,Reliable
17.54499336,97.2859,0.00020986,15.05658167,0.00015133961,2.128e-05,65599,1,Reliable
3.19000104,97.2861,0.00020738,15.05660274,0.00021950252,3.113e-05,65599,1,Reliable
3.03855528,97.283,6.15e-05,15.80842092,0.00076461,0.00149021,69127,0,Not Reliable
7.59609168,97.2827,0.00011483,15.80841121,0.00077956219,0.00151983,69127,0,Not Reliable
6.07677528,97.2825,0.00011647,15.80899432,0.00096052631,0.00188592,69127,0,Not Reliable
10.63463784,97.283,0.00012493,15.80899226,0.00079408049,0.00155287,69127,0,Not Reliable
7.59613464,97.283,0.00012855,15.80857351,0.00068122834,0.00132596,69127,0,Not Reliable
4.557729119999999,97.2829,0.00014723,15.80885073,0.00084575789,0.00165492,69127,0,Not Reliable
9.11552568,97.2829,0.00017646,15.80877326,0.00096839276,0.0018998,69127,0,Not Reliable
3.0383976,97.2834,0.0001625,15.80872709,0.0011579,0.00228148,69127,1,Reliable
4.55750232,97.2836,0.00015595,15.8092116,0.0014842135,0.0029541,69127,0,Not Reliable
1.51936584,97.2835,0.0001631,15.80967857,0.0014388,0.00286693,69127,0,Not Reliable
7.59611016,97.2837,0.00018764,15.80885916,0.00073523586,0.00143492,69127,0,Not Reliable
6.07698384,97.2843,0.00012605,15.80863196,0.00078688481,0.00153596,69127,0,Not Reliable
4.55770176,97.2844,0.0001459,15.80853206,0.00069652,0.00135597,69127,0,Not Reliable
9.11522616,97.2844,0.00013755,15.80857598,0.00079804995,0.00155777,69127,0,Not Reliable
4.55773008,97.2844,0.0001346,15.80883885,0.00070096,0.00136671,69127,0,Not Reliable
4.5577836000000005,97.2842,0.00014948,15.80865094,0.00076282549,0.00148828,69127,0,Not Reliable
4.55772456,97.2843,0.0001423,15.80850416,0.00070307,0.00136877,69127,0,Not Reliable
10.63564224,97.2843,0.00014861,15.80872168,0.00095718541,0.00187683,69127,0,Not Reliable
11.62247064,97.2839,0.0001476,15.80394625,-0.002913,-0.00516339,69127,0,Not Reliable
1.9994448,97.2839,0.0002045,15.77326589,-0.018183,-0.02543074,69127,1,Reliable
6.0,97.2839,0.00016579,15.76853172,-0.018452165,-0.02528535,69127,1,Reliable
2.0005555200000003,97.2838,0.0001548,15.75448353,-0.019025,-0.02461384,69127,1,Reliable
5.99944416,97.2839,0.00017958,15.75026581,-0.019903826,-0.02517764,69127,1,Reliable
2.00027808,97.2846,0.0001594,15.73614593,-0.020688,-0.02469173,69127,1,Reliable
5.99972184,97.2844,0.00019962,15.73139173,-0.020751498,-0.02433353,69127,1,Reliable
2.00083368,97.2849,0.0002092,15.71853372,-0.023324,-0.02625783,69127,1,Reliable
5.99972232,97.285,0.00020221,15.71364862,-0.023474031,-0.02593337,69127,1,Reliable
6.00027744,97.2849,0.0001917,15.6995019,-0.024317,-0.02539155,69127,1,Reliable
10.00000032,97.2849,0.0001902,15.68600767,-0.026761,-0.02628132,69127,1,Reliable
1.99972224,97.2855,0.0001577,15.66284231,-0.029315,-0.02619573,69127,1,Reliable
5.9994444,97.2853,0.00021206,15.6580569,-0.029719728,-0.02607495,69127,1,Reliable
8.000277839999999,97.285,0.0001928,15.64363145,-0.030242,-0.0251757,69127,1,Reliable
7.99999992,97.2848,0.0001981,15.62507991,-0.03296,-0.02545605,69127,1,Reliable
1.99999992,97.2849,0.0002256,15.60665711,-0.035197,-0.02532588,69127,1,Reliable
5.99999976,97.2849,0.00016267,15.60188134,-0.035736032,-0.0252487,69127,1,Reliable
2.00027808,97.2845,0.0001734,15.58757156,-0.036481,-0.02451256,69127,1,Reliable
7.99944432,97.284,0.00016361,15.58329674,-0.038152061,-0.02512691,69127,1,Reliable
5.99999976,97.2848,0.00018035,15.56399367,-0.038870305,-0.02397617,69127,1,Reliable
2.00027808,97.2852,0.0001792,15.55091052,-0.043222,-0.02520391,69127,1,Reliable
5.99972232,97.2856,0.00023001,15.54616242,-0.043832354,-0.02564474,69127,1,Reliable
1.99999992,97.2848,0.0002253,15.53278371,-0.048389,-0.02680051,69127,1,Reliable
16.00000008,97.2847,0.00019658,15.52885829,-0.05197076,-0.02817235,69127,0,Not Reliable
7.99999992,97.2837,0.00016769,15.49033826,-0.052092561,-0.02500182,69127,1,Reliable
1.99999968,97.2842,0.00016741,15.47167395,-0.054103409,-0.0243979,69127,1,Reliable
4.00000008,97.2843,0.000203,15.46735155,-0.056795,-0.02513806,69127,1,Reliable
2.00000016,97.2852,0.00015,15.45743639,-0.055405,-0.02384821,69127,1,Reliable
8.000277839999999,97.2851,0.00017701,15.45279784,-0.056145314,-0.02379328,69127,1,Reliable
13.999722,97.2845,0.00021318,15.43494547,-0.06283593,-0.02491477,69127,0,Not Reliable
10.00000032,97.2844,0.0001848,15.40234786,-0.068321,-0.02435185,69127,0,Not Reliable
6.0005556,97.2836,0.00020636,15.38212474,-0.092027048,-0.0304438,69127,0,Not Reliable
1.99944432,97.2838,0.0001595,15.36894621,-0.090197,-0.02879199,69127,0,Not Reliable
5.99999976,97.2837,0.00014087,15.37152607,-0.13756735,-0.04372181,69127,0,Not Reliable
2.00000016,97.2833,0.0002064,15.3421269,-0.038108,-0.01149499,69127,0,Not Reliable
5.99999976,97.2841,0.00017236,15.33367572,0.0030563521,0.00099665,69127,1,Reliable
2.0000004,97.2842,0.0001628,15.33438915,-0.00087823,-0.00028317,69127,1,Reliable
6.00027744,97.2844,0.00016334,15.33431332,-0.00058995071,-0.00019065,69127,1,Reliable
1.99972248,97.2843,0.00016,15.33403961,0.0020762,0.00067467,69127,1,Reliable
6.00083304,97.2843,0.00016068,15.33439574,1.7548963e-05,4.91e-06,69127,1,Reliable
1.9994448,97.2842,0.0001601,15.33407352,0.0016855,0.0005467,69127,1,Reliable
5.99972184,97.2841,0.00016532,15.33394161,0.0030834201,0.00100645,69127,1,Reliable
2.0000004,97.2847,0.0001754,15.33476922,-0.0011285,-0.00036371,69127,1,Reliable
6.0,97.2849,0.00017762,15.33463206,-0.00062059591,-0.0002007,69127,1,Reliable
1.99999992,97.2842,0.0001753,15.33421887,0.0016355,0.00053058,69127,1,Reliable
7.99999992,97.284,0.00017271,15.33453769,-0.00042348526,-0.00013726,69127,1,Reliable
5.99999976,97.284,0.00017739,15.33394722,0.0026887662,0.00087604,69127,1,Reliable
2.0000004,97.2841,0.0001772,15.33467547,-0.0015473,-0.00049738,69127,1,Reliable
5.99972184,97.2842,0.00017017,15.3345031,-0.00072567731,-0.00023435,69127,1,Reliable
2.0000004,97.2839,0.0001626,15.33418396,0.0017185,0.00055769,69127,1,Reliable
6.00027744,97.2839,0.00016029,15.33454776,-0.00053131784,-0.00017195,69127,1,Reliable
6.53298192,97.2841,0.0001583,15.33416033,0.0012661,0.00040984,69127,1,Reliable
9.39676704,97.2844,0.0001538,15.33450726,0.00038434,0.00012356,69127,1,Reliable
14.09516208,97.2841,0.00019727,15.33452277,0.00037161635,0.00011944,69127,0,Not Reliable
9.39675552,97.2838,0.00020118,15.334481,0.00036802965,0.00011826,69127,1,Reliable
7.8306252,97.2842,0.00022359,15.33451472,0.00037932722,0.00012194,69127,1,Reliable
6.26449344,97.2857,0.00011409,15.33444267,0.00031569121,0.0001013,69127,1,Reliable
4.69849056,97.2876,8.09e-05,15.33449411,0.00048483,0.00015611,69127,1,Reliable
6.2645352,97.2854,0.00023693,15.33444783,0.00042155011,0.00013559,69127,1,Reliable
10.96303392,97.2853,0.00022538,15.33442481,0.00070189302,0.00022652,69127,0,Not Reliable
10.96312704,97.2845,0.00010585,15.3342563,0.00047181167,0.00015178,69127,0,Not Reliable
48.5498544,97.285,0.0002103,15.3342738,0.00064194,0.00020695,69127,0,Not Reliable
32.88838536,97.2846,0.00021171,15.33465768,0.00049435353,0.00015929,69127,0,Not Reliable
10.96294368,97.2853,0.00019286,15.33462411,0.00036794098,0.00011829,69127,0,Not Reliable
20.35960488,97.2856,0.00019725,15.33448826,0.00029471103,9.453e-05,69127,0,Not Reliable
3.13225032,97.285,0.000182,15.33452809,0.00040047,0.00012879,69127,1,Reliable
6.264463920000001,97.2849,0.00018556,15.33449764,0.00033018899,0.00010601,69127,1,Reliable
14.09516616,97.2849,0.0001834,15.3345831,0.00064936,0.00020956,69127,0,Not Reliable
9.39686904,97.2848,0.000147,15.3344079,0.00034083,0.00010943,69127,1,Reliable
10.96291128,97.2845,0.00019406,15.33437286,0.00052145953,0.00016793,69127,1,Reliable
3.13241856,97.2851,0.00011215,15.33444116,0.00062713791,0.00020225,69127,0,Not Reliable
4.698304800000001,97.2838,0.0002675,15.33431243,0.00050397,0.00016224,69127,1,Reliable
4.69848264,97.2847,0.00013294,15.33433676,0.00071932274,0.00023211,69127,1,Reliable
7.830678959999999,97.2845,0.0001934,15.33431355,0.00056201,0.00018105,69127,1,Reliable
7.8306432,97.2845,0.00017566,15.33437329,0.00056403441,0.00018174,69127,1,Reliable
3.13222968,97.2839,0.0001824,15.33439928,0.00037803,0.00012147,69127,1,Reliable
6.26448,97.2836,0.00018039,15.33447186,0.00044886203,0.00014445,69127,1,Reliable
6.2644716,97.2837,0.00018588,15.33453321,0.00048181657,0.00015516,69127,1,Reliable
17.22733032,97.2838,0.00016473,15.33455076,0.00052333931,0.00016864,69127,0,Not Reliable
23.491854,97.2838,0.0001819,15.33455154,0.0005186,0.0001671,69127,0,Not Reliable
14.09517264,97.2838,0.00026772,15.33458201,0.00051180721,0.00016492,69127,0,Not Reliable
4.69834344,97.2837,0.0002226,15.33456404,0.00063669,0.00020544,69127,1,Reliable
4.698311520000001,97.2856,0.00016624,15.33459757,0.00095489583,0.00030894,69127,1,Reliable
15.66141648,97.2852,0.00017444,15.33469184,0.00074559566,0.00024091,69127,0,Not Reliable
7.83065232,97.2811,0.00023168,15.3344933,0.00068302107,0.00022044,69127,1,Reliable
37.58704968,97.2842,0.0002015,15.33443291,0.00091845838,0.00029692,69127,0,Not Reliable
12.52896648,97.2861,0.00010552,15.33459777,0.00098607039,0.00031908,69127,0,Not Reliable
6.26441832,97.2849,0.00020152,15.33476824,0.0013359832,0.00043348,69127,1,Reliable
17.22737712,97.2839,5.192e-05,15.33472293,0.0011657763,0.00037781,69127,0,Not Reliable
14.09531616,97.2854,0.00017828,15.33458738,0.00076023664,0.00024559,69127,0,Not Reliable
10.96301832,97.2836,0.00029347,15.33434175,0.00044747695,0.00014395,69127,1,Reliable
10.96300536,97.2861,0.0002101,15.33422896,0.00068132,0.0002197,69127,1,Reliable
10.9629588,97.2869,0.00015557,15.33429154,0.0004353076,0.00013997,69127,1,Reliable
12.52911288,97.2861,0.0001759,15.33433765,0.00030489,9.777e-05,69127,1,Reliable
10.96281432,97.2846,0.0002227,15.33440965,0.00034228,0.0001099,69127,1,Reliable
10.96269072,97.2856,0.00023949,15.33456497,0.00046046291,0.00014826,69127,1,Reliable
25.05747744,97.2852,0.00024118,15.33470982,0.00048328863,0.00015573,69127,0,Not Reliable
9.39726528,97.2842,0.00018265,15.33519106,0.00087404795,0.00028315,69127,0,Not Reliable
10.96290672,97.2881,0.00010689,15.33452094,0.0005680895,0.00018313,69127,0,Not Reliable
4.69846056,97.2844,0.0001757,15.33444067,0.00021524,6.88e-05,69127,1,Reliable
12.52922424,97.2837,0.0001623,15.33435343,0.00033919,0.00010888,69127,0,Not Reliable
3.1323384,97.2865,0.0002675,15.33427606,0.00014304,4.543e-05,69127,1,Reliable
7.8306888,97.2837,0.0002744,15.33420221,0.00017114,5.45e-05,69127,1,Reliable
12.52912872,97.2838,0.00016893,15.33437637,0.00035743361,0.00011479,69127,1,Reliable
1.56611664,97.2805,0.0002522,15.33442066,0.00050417,0.00016236,69127,1,Reliable
17.22740616,97.2822,0.00022387,15.33446313,0.00057095093,0.00018404,69127,0,Not Reliable
6.26420184,97.2853,0.00016836,15.33449233,0.00043724958,0.00014069,69127,0,Not Reliable
14.09500296,97.2827,0.00023613,15.33499642,0.00070780827,0.00022886,69127,0,Not Reliable
9.39681192,97.2822,0.000147,15.33476012,0.00020942,6.698e-05,69127,0,Not Reliable
10.96286856,97.2848,0.00013384,15.33440176,0.00041084462,0.0001321,69127,1,Reliable
3.13226688,97.2845,0.00012128,15.33444735,0.0002673418,8.565e-05,69127,1,Reliable
10.96306416,97.2843,0.0001284,15.33443408,0.00026613,8.526e-05,69127,0,Not Reliable
12.52915656,97.2867,0.00010882,15.33427108,9.261502e-06,2.24e-06,69127,1,Reliable
4.69844232,97.2847,0.0001203,15.33428848,0.00024942,7.981e-05,69127,1,Reliable
6.26455752,97.2848,0.00012698,15.3342718,0.00024055919,7.695e-05,69127,1,Reliable
10.96293648,97.2849,0.000132,15.33431391,0.00030332,9.726e-05,69127,1,Reliable
12.52902504,97.2852,0.000126,15.3343667,0.00029247,9.376e-05,69127,1,Reliable
14.09507808,97.2853,0.00012776,15.3344134,0.00022729519,7.269e-05,69127,1,Reliable
23.49178848,97.2853,0.00010594,15.33451657,0.00034700654,0.00011146,69127,0,Not Reliable
9.39658296,97.2868,0.00019155,15.33459623,0.00030371619,9.747e-05,69127,1,Reliable
7.83056928,97.2864,0.00016428,15.33464916,0.00027625654,8.86e-05,69127,1,Reliable
7.83067416,97.2864,5.45e-05,15.33457101,0.00040659,0.00013079,69127,1,Reliable
23.49164184,97.2858,0.00014926,15.33443372,-7.4387697e-05,-2.476e-05,69127,0,Not Reliable
9.3965544,97.2852,0.00013043,15.33475278,0.00067451438,0.00021784,69127,1,Reliable
18.7937076,97.2861,0.00013396,15.33482959,0.00056351006,0.00018183,69127,0,Not Reliable
12.52922832,97.285,8.478e-05,15.33429948,0.00058472522,0.0001884,69127,0,Not Reliable
7.83065904,97.287,0.00020707,15.33439678,0.00070487939,0.00022747,69127,1,Reliable
9.39689832,97.2864,9.972e-05,15.33438437,0.00062193998,0.00020053,69127,0,Not Reliable
10.9628508,97.2867,0.00017797,15.33440858,0.00079646258,0.00025723,69127,1,Reliable
3.1322637600000003,97.2866,0.00011244,15.33448687,0.00063906789,0.00020615,69127,1,Reliable
9.39679728,97.2849,0.00014356,15.334534,0.00079362525,0.0002564,69127,0,Not Reliable
25.0580772,97.2858,0.00016718,15.33452859,0.00071742238,0.00023163,69127,0,Not Reliable
17.2273956,97.2856,0.00013899,15.33443075,0.00078945777,0.00025496,69127,0,Not Reliable
20.3595336,97.2849,0.00015646,15.33446388,0.0005114298,0.00016473,69127,0,Not Reliable
23.49179784,97.282,8.164e-05,15.33463283,0.00087698145,0.0002836,69127,0,Not Reliable
21.92629008,97.2799,0.00031451,15.33460173,0.00075235214,0.00024306,69127,0,Not Reliable
3.13178328,97.2939,0.0004392,15.33456067,0.00069732,0.00022518,69127,0,Not Reliable
9.39698976,97.2803,0.00026401,15.33449886,0.00083360476,0.00026939,69127,0,Not Reliable
14.0952624,97.2863,0.00013201,15.33446172,0.0007161231,0.00023116,69127,0,Not Reliable
34.45468464,97.2844,0.00022866,15.33439064,0.00045888018,0.00014766,69127,0,Not Reliable
17.22740832,97.2851,0.00015751,15.334532,0.00041203224,0.00013254,69127,0,Not Reliable
6.26451336,97.2853,0.00014698,15.33446627,0.00032485547,0.00010428,69127,1,Reliable
14.0951736,97.2853,0.00016385,15.3345102,0.00038075371,0.0001224,69127,0,Not Reliable
9.39687384,97.2855,0.00010348,15.33453167,0.00057627687,0.0001858,69127,0,Not Reliable
7.83062448,97.2856,0.00014642,15.33436684,0.00050056584,0.00016115,69127,1,Reliable
17.22730224,97.2855,0.00014453,15.33444888,0.00041110647,0.0001322,69127,1,Reliable
6.26446104,97.2857,0.00018227,15.33460496,0.00056421061,0.00018193,69127,1,Reliable
31.32252624,97.2874,0.00021139,15.33462309,0.0004837394,0.00015583,69127,0,Not Reliable
9.39679752,97.2864,0.00017088,15.33462875,0.00049469775,0.00015939,69127,0,Not Reliable
14.09520168,97.2865,9.985e-05,15.33436767,6.181265e-06,1.24e-06,69127,1,Reliable
10.96301616,97.2855,8.619e-05,15.33432347,0.00031909728,0.00010236,69127,1,Reliable
12.52908552,97.2865,0.00018499,15.33435061,0.00031029674,9.953e-05,69127,1,Reliable
17.22740808,97.2864,0.00016823,15.33435256,0.00022331614,7.139e-05,69127,1,Reliable
7.830617279999999,97.2863,0.00017509,15.33444782,0.00027037499,8.664e-05,69127,1,Reliable
9.3967308,97.2861,0.0001634,15.33444084,0.00020970158,6.701e-05,69127,1,Reliable
10.96286784,97.2859,0.00017516,15.33449416,0.00027789902,8.909e-05,69127,1,Reliable
3.1325412,97.2875,0.00012379,15.33451968,0.00038802299,0.00012475,69127,0,Not Reliable
4.69847424,97.2858,0.0002067,15.33389969,-0.00081131,-0.00026133,69127,1,Reliable
6.26450328,97.2833,0.00028406,15.33407833,-0.00011056122,-3.639e-05,69127,1,Reliable
6.26460096,97.2838,5.88e-05,15.33410827,0.00052025,0.0001674,69127,1,Reliable
6.264519839999999,97.2875,0.0001049,15.33433539,0.0010427,0.00033725,69127,1,Reliable
10.96289232,97.2856,0.0001613,15.33437883,0.00035611,0.00011437,69127,1,Reliable
14.0950968,97.2854,0.00016848,15.33442043,0.00029002721,9.299e-05,69127,1,Reliable
9.3966912,97.2849,0.00016659,15.33447938,0.00024305135,7.78e-05,69127,1,Reliable
14.09500992,97.2849,0.00016355,15.33451938,0.0002273362,7.273e-05,69127,1,Reliable
10.9627488,97.2848,0.0001632,15.33459824,0.00026119,8.371e-05,69127,1,Reliable
12.52896528,97.2848,0.0001611,15.33461955,0.00021338,6.824e-05,69127,0,Not Reliable
10.96290456,97.2837,0.0001896,15.33456204,0.00015378,4.895e-05,69127,1,Reliable
14.09516592,97.2846,0.00020906,15.33447679,0.00011633636,3.683e-05,69127,1,Reliable
9.39674184,97.285,0.00017688,15.33445572,0.00016406415,5.225e-05,69127,1,Reliable
14.09516064,97.2851,0.00018364,15.33450575,0.00019511524,6.23e-05,69127,1,Reliable
9.39676128,97.2844,0.00016303,15.33446441,0.00022865192,7.314e-05,69127,1,Reliable
7.83064656,97.2852,0.00022085,15.33450211,0.0003103201,9.958e-05,69127,1,Reliable
6.264519839999999,97.2855,0.00012284,15.33445042,0.00028012966,8.979e-05,69127,1,Reliable
10.96297176,97.2831,9.499e-05,15.33446473,0.0003109508,9.977e-05,69127,0,Not Reliable
6.26453544,97.286,0.00018221,15.33439505,0.00023615285,7.555e-05,69127,1,Reliable
4.69838064,97.286,0.00016706,15.33439628,0.0002671888,8.559e-05,69127,1,Reliable
3.13225488,97.286,0.00014929,15.33445002,0.00038632892,0.00012418,69127,1,Reliable
7.83055296,97.2858,0.00016433,15.33445499,0.00038229577,0.00012287,69127,1,Reliable
20.35932168,97.2856,0.00015709,15.33457792,0.00047761882,0.00015382,69127,1,Reliable
6.26451288,97.2864,0.00021817,15.33442987,-0.00027860061,-9.059e-05,69127,1,Reliable
10.96308768,97.2859,0.00019282,15.33439342,-0.00016325787,-5.341e-05,69127,0,Not Reliable
6.26479824,97.287,0.0001592,15.33434418,0.00027143,8.695e-05,69127,0,Not Reliable
4.698271200000001,97.2847,0.00036773,15.33436941,0.00063890833,0.00020606,69127,1,Reliable
1.5661356,97.2862,0.00020568,15.33440511,0.00095591284,0.00030909,69127,1,Reliable
23.49197232,97.2858,0.00020045,15.33436468,0.00073945887,0.00023867,69127,0,Not Reliable
14.09518776,97.2856,0.0002782,15.33450485,0.00063831692,0.00020594,69127,0,Not Reliable
9.3967392,97.2867,0.00019839,15.33443629,0.00048613352,0.00015651,69127,1,Reliable
1.5660976800000002,97.2859,0.0002292,15.33452139,0.00045417,0.0001462,69127,1,Reliable
10.96287528,97.2869,0.00018806,15.33450167,0.00050722559,0.00016339,69127,1,Reliable
1.56620784,97.2895,0.00011989,15.33453436,0.00052019844,0.00016761,69127,1,Reliable
21.9258024,97.2862,0.00024046,15.33441645,0.00021792652,6.966e-05,69127,0,Not Reliable
23.49196488,97.2863,0.00014169,15.33445861,0.00046545428,0.00014982,69127,0,Not Reliable
20.35966032,97.2867,0.00025061,15.3345993,0.00067325885,0.00021734,69127,0,Not Reliable
6.26484768,97.2861,0.00024716,15.33452731,0.00075770503,0.00024473,69127,0,Not Reliable
25.057879680000003,97.2859,0.00019363,15.33359857,0.00052204027,0.00016771,69127,0,Not Reliable
7.83067968,97.2855,0.00011107,15.33463269,0.00093078246,0.00030111,69127,0,Not Reliable
15.6611688,97.2842,0.00019992,15.33470775,0.00058477157,0.00018867,69127,0,Not Reliable
9.396666000000002,97.2821,0.00023307,15.33471585,0.00046556568,0.00014998,69127,1,Reliable
14.0951448,97.2819,0.00027801,15.3346797,0.00046905222,0.0001511,69127,0,Not Reliable
4.69837656,97.2848,0.0002148,15.3344944,0.0002855,9.155e-05,69127,1,Reliable
20.35956816,97.2851,0.00020221,15.33450375,0.00033567964,0.0001078,69127,0,Not Reliable
7.83088536,97.2831,0.00013881,15.33463778,0.00093335447,0.00030196,69127,0,Not Reliable
15.66149808,97.2842,0.00030243,15.33431739,0.0010748393,0.00034774,69127,0,Not Reliable
9.39687216,97.2859,0.00015105,15.33431349,0.0005441914,0.00017527,69127,1,Reliable
1.56612816,97.2852,0.0001441,15.33437678,0.00060907,0.00019635,69127,1,Reliable
6.264497039999999,97.2849,0.00015816,15.33438463,0.00049310804,0.00015875,69127,1,Reliable
6.26444856,97.2855,0.0001776,15.33444256,0.00063238,0.00020396,69127,1,Reliable
9.39666984,97.2849,0.0001517,15.33454174,0.00045728,0.00014721,69127,1,Reliable
1.56610656,97.2853,0.000193,15.33465119,0.00064419,0.00020793,69127,1,Reliable
12.52899168,97.2852,0.00018359,15.33461865,0.00043715474,0.00014072,69127,0,Not Reliable
10.962706079999998,97.2856,0.00022177,15.33454901,0.00026689293,8.554e-05,69127,1,Reliable
12.52897848,97.2859,0.00026393,15.33465543,0.00033304502,0.000107,69127,0,Not Reliable
6.26456712,97.2885,0.00018728,15.33455301,0.00018072923,5.766e-05,69127,1,Reliable
4.698372480000001,97.2857,0.0001649,15.33439603,0.00030913,9.916e-05,69127,1,Reliable
12.52900728,97.2856,0.00018532,15.33446093,0.00019456337,6.212e-05,69127,1,Reliable
1.56615096,97.2854,0.00015889,15.33446172,0.00027687952,8.875e-05,69127,1,Reliable
9.3967212,97.2859,0.00016715,15.33441275,0.00017852778,5.692e-05,69127,1,Reliable
18.79327776,97.2863,0.0002269,15.33455469,0.00035324,0.0001135,69127,1,Reliable
6.26436336,97.2854,0.00018245,15.33471952,0.00045138504,0.00014538,69127,1,Reliable
21.92598816,97.2852,0.00020435,15.33479864,0.00043746174,0.0001409,69127,0,Not Reliable
1.5662102400000002,97.2858,0.000171,15.33444159,0.00033614,0.00010792,69127,1,Reliable
18.79374576,97.2853,0.0001588,15.33436759,0.00062931,0.00020291,69127,0,Not Reliable
4.69849392,97.2863,0.00013115,15.33425266,0.00029906871,9.586e-05,69127,1,Reliable
1.56613584,97.2863,0.0002101,15.33429318,0.00047208,0.00015189,69127,1,Reliable
